401, 4.518479300886649
401.2, 4.518479300886649
401.4, 4.530125115045699
401.59999999999997, 4.530125115045699
401.79999999999995, 4.530125115045699
401.99999999999994, 4.530125115045699
402.19999999999993, 4.530125115045699
402.3999999999999, 4.530125115045699
402.5999999999999, 4.530125115045699
402.7999999999999, 4.537888991151732
402.9999999999999, 4.537888991151732
403.1999999999999, 4.537888991151732
403.39999999999986, 4.537888991151732
403.59999999999985, 4.537888991151732
403.79999999999984, 4.537888991151732
403.99999999999983, 4.537888991151732
404.1999999999998, 4.537888991151732
404.3999999999998, 4.537888991151732
404.5999999999998, 4.537888991151732
404.7999999999998, 4.537888991151732
404.9999999999998, 4.537888991151732
405.19999999999976, 4.537888991151732
405.39999999999975, 4.545652867257766
405.59999999999974, 4.545652867257766
405.7999999999997, 4.545652867257766
405.9999999999997, 4.545652867257766
406.1999999999997, 4.545652867257766
406.3999999999997, 4.545652867257766
406.5999999999997, 4.545652867257766
406.79999999999967, 4.545652867257766
406.99999999999966, 4.545652867257766
407.19999999999965, 4.545652867257766
407.39999999999964, 4.545652867257766
407.5999999999996, 4.545652867257766
407.7999999999996, 4.553416743363799
407.9999999999996, 4.553416743363799
408.1999999999996, 4.553416743363799
408.3999999999996, 4.553416743363799
408.59999999999957, 4.553416743363799
408.79999999999956, 4.553416743363799
408.99999999999955, 4.553416743363799
409.19999999999953, 4.553416743363799
409.3999999999995, 4.553416743363799
409.5999999999995, 4.553416743363799
409.7999999999995, 4.553416743363799
409.9999999999995, 4.553416743363799
410.1999999999995, 4.553416743363799
410.39999999999947, 4.553416743363799
410.59999999999945, 4.553416743363799
410.79999999999944, 4.553416743363799
410.99999999999943, 4.553416743363799
411.1999999999994, 4.561180619469833
411.3999999999994, 4.561180619469833
411.5999999999994, 4.561180619469833
411.7999999999994, 4.561180619469833
411.9999999999994, 4.561180619469833
412.19999999999936, 4.561180619469833
412.39999999999935, 4.561180619469833
412.59999999999934, 4.561180619469833
412.79999999999933, 4.561180619469833
412.9999999999993, 4.561180619469833
413.1999999999993, 4.561180619469833
413.3999999999993, 4.561180619469833
413.5999999999993, 4.561180619469833
413.7999999999993, 4.561180619469833
413.99999999999926, 4.561180619469833
414.19999999999925, 4.561180619469833
414.39999999999924, 4.561180619469833
414.5999999999992, 4.561180619469833
414.7999999999992, 4.561180619469833
414.9999999999992, 4.568944495575866
415.1999999999992, 4.568944495575866
415.3999999999992, 4.568944495575866
415.59999999999917, 4.568944495575866
415.79999999999916, 4.568944495575866
415.99999999999915, 4.568944495575866
416.19999999999914, 4.568944495575866
416.3999999999991, 4.568944495575866
416.5999999999991, 4.568944495575866
416.7999999999991, 4.568944495575866
416.9999999999991, 4.568944495575866
417.1999999999991, 4.568944495575866
417.39999999999907, 4.568944495575866
417.59999999999906, 4.568944495575866
417.79999999999905, 4.568944495575866
417.99999999999903, 4.568944495575866
418.199999999999, 4.568944495575866
418.399999999999, 4.568944495575866
418.599999999999, 4.568944495575866
418.799999999999, 4.568944495575866
418.999999999999, 4.568944495575866
419.19999999999897, 4.568944495575866
419.39999999999895, 4.568944495575866
419.59999999999894, 4.568944495575866
419.79999999999893, 4.568944495575866
419.9999999999989, 4.568944495575866
420.1999999999989, 4.568944495575866
420.3999999999989, 4.5767083716818995
420.5999999999989, 4.5767083716818995
420.7999999999989, 4.5767083716818995
420.99999999999886, 4.5767083716818995
421.19999999999885, 4.5767083716818995
421.39999999999884, 4.5767083716818995
421.59999999999883, 4.5767083716818995
421.7999999999988, 4.5767083716818995
421.9999999999988, 4.5767083716818995
422.1999999999988, 4.5767083716818995
422.3999999999988, 4.5767083716818995
422.5999999999988, 4.5767083716818995
422.79999999999876, 4.5767083716818995
422.99999999999875, 4.5767083716818995
423.19999999999874, 4.5767083716818995
423.3999999999987, 4.5767083716818995
423.5999999999987, 4.5767083716818995
423.7999999999987, 4.5767083716818995
423.9999999999987, 4.5767083716818995
424.1999999999987, 4.5767083716818995
424.39999999999867, 4.5767083716818995
424.59999999999866, 4.5767083716818995
424.79999999999865, 4.5767083716818995
424.99999999999864, 4.5767083716818995
425.1999999999986, 4.5767083716818995
425.3999999999986, 4.5767083716818995
425.5999999999986, 4.5767083716818995
425.7999999999986, 4.5767083716818995
425.9999999999986, 4.5767083716818995
426.19999999999857, 4.5767083716818995
426.39999999999856, 4.5767083716818995
426.59999999999854, 4.5767083716818995
426.79999999999853, 4.5767083716818995
426.9999999999985, 4.5767083716818995
427.1999999999985, 4.5767083716818995
427.3999999999985, 4.5767083716818995
427.5999999999985, 4.5767083716818995
427.7999999999985, 4.5767083716818995
427.99999999999847, 4.5767083716818995
428.19999999999845, 4.5767083716818995
428.39999999999844, 4.5767083716818995
428.59999999999843, 4.5767083716818995
428.7999999999984, 4.5767083716818995
428.9999999999984, 4.5767083716818995
429.1999999999984, 4.5767083716818995
429.3999999999984, 4.5767083716818995
429.5999999999984, 4.5767083716818995
429.79999999999836, 4.5767083716818995
429.99999999999835, 4.5767083716818995
430.19999999999834, 4.5767083716818995
430.39999999999833, 4.5767083716818995
430.5999999999983, 4.5767083716818995
430.7999999999983, 4.5767083716818995
430.9999999999983, 4.5767083716818995
431.1999999999983, 4.5767083716818995
431.3999999999983, 4.5767083716818995
431.59999999999826, 4.5767083716818995
431.79999999999825, 4.5767083716818995
431.99999999999824, 4.5767083716818995
432.1999999999982, 4.5767083716818995
432.3999999999982, 4.5767083716818995
432.5999999999982, 4.5767083716818995
432.7999999999982, 4.5767083716818995
432.9999999999982, 4.5767083716818995
433.19999999999817, 4.5767083716818995
433.39999999999816, 4.5767083716818995
433.59999999999815, 4.5767083716818995
433.79999999999814, 4.5767083716818995
433.9999999999981, 4.5767083716818995
434.1999999999981, 4.5767083716818995
434.3999999999981, 4.5767083716818995
434.5999999999981, 4.5767083716818995
434.7999999999981, 4.5767083716818995
434.99999999999807, 4.5767083716818995
435.19999999999806, 4.5767083716818995
435.39999999999804, 4.5767083716818995
435.59999999999803, 4.5767083716818995
435.799999999998, 4.5767083716818995
435.999999999998, 4.5767083716818995
436.199999999998, 4.5767083716818995
436.399999999998, 4.5767083716818995
436.599999999998, 4.5767083716818995
436.79999999999797, 4.5767083716818995
436.99999999999795, 4.5767083716818995
437.19999999999794, 4.5767083716818995
437.39999999999793, 4.5767083716818995
437.5999999999979, 4.5767083716818995
437.7999999999979, 4.5767083716818995
437.9999999999979, 4.5767083716818995
438.1999999999979, 4.5767083716818995
438.3999999999979, 4.5767083716818995
438.59999999999786, 4.5767083716818995
438.79999999999785, 4.5767083716818995
438.99999999999784, 4.5767083716818995
439.19999999999783, 4.5767083716818995
439.3999999999978, 4.5767083716818995
439.5999999999978, 4.5767083716818995
439.7999999999978, 4.5767083716818995
439.9999999999978, 4.5767083716818995
440.1999999999978, 4.5767083716818995
440.39999999999776, 4.5767083716818995
440.59999999999775, 4.5767083716818995
440.79999999999774, 4.5767083716818995
440.9999999999977, 4.5767083716818995
441.1999999999977, 4.5767083716818995
441.3999999999977, 4.5767083716818995
441.5999999999977, 4.5767083716818995
441.7999999999977, 4.5767083716818995
441.99999999999767, 4.5767083716818995
442.19999999999766, 4.5767083716818995
442.39999999999765, 4.5767083716818995
442.59999999999764, 4.5767083716818995
442.7999999999976, 4.5767083716818995
442.9999999999976, 4.5767083716818995
443.1999999999976, 4.5767083716818995
443.3999999999976, 4.5767083716818995
443.5999999999976, 4.5767083716818995
443.79999999999757, 4.5767083716818995
443.99999999999756, 4.5767083716818995
444.19999999999754, 4.5767083716818995
444.39999999999753, 4.5767083716818995
444.5999999999975, 4.5767083716818995
444.7999999999975, 4.5767083716818995
444.9999999999975, 4.5767083716818995
445.1999999999975, 4.5767083716818995
445.3999999999975, 4.5767083716818995
445.59999999999746, 4.5767083716818995
445.79999999999745, 4.5767083716818995
445.99999999999744, 4.5767083716818995
446.19999999999743, 4.561180619469833
446.3999999999974, 4.561180619469833
446.5999999999974, 4.561180619469833
446.7999999999974, 4.568944495575866
446.9999999999974, 4.568944495575866
447.1999999999974, 4.568944495575866
447.39999999999736, 4.568944495575866
447.59999999999735, 4.568944495575866
447.79999999999734, 4.568944495575866
447.9999999999973, 4.568944495575866
448.1999999999973, 4.568944495575866
448.3999999999973, 4.568944495575866
448.5999999999973, 4.568944495575866
448.7999999999973, 4.568944495575866
448.99999999999727, 4.568944495575866
449.19999999999726, 4.568944495575866
449.39999999999725, 4.568944495575866
449.59999999999724, 4.568944495575866
449.7999999999972, 4.568944495575866
449.9999999999972, 4.568944495575866
450.1999999999972, 4.568944495575866
450.3999999999972, 4.568944495575866
450.5999999999972, 4.568944495575866
450.79999999999717, 4.568944495575866
450.99999999999716, 4.568944495575866
451.19999999999715, 4.568944495575866
451.39999999999714, 4.568944495575866
451.5999999999971, 4.568944495575866
451.7999999999971, 4.568944495575866
451.9999999999971, 4.568944495575866
452.1999999999971, 4.568944495575866
452.3999999999971, 4.568944495575866
452.59999999999707, 4.568944495575866
452.79999999999706, 4.568944495575866
452.99999999999704, 4.568944495575866
453.19999999999703, 4.568944495575866
453.399999999997, 4.568944495575866
453.599999999997, 4.568944495575866
453.799999999997, 4.568944495575866
453.999999999997, 4.568944495575866
454.199999999997, 4.568944495575866
454.39999999999696, 4.568944495575866
454.59999999999695, 4.568944495575866
454.79999999999694, 4.568944495575866
454.99999999999693, 4.568944495575866
455.1999999999969, 4.568944495575866
455.3999999999969, 4.553416743363799
455.5999999999969, 4.553416743363799
455.7999999999969, 4.553416743363799
455.9999999999969, 4.561180619469833
456.19999999999686, 4.561180619469833
456.39999999999685, 4.561180619469833
456.59999999999684, 4.561180619469833
456.7999999999968, 4.561180619469833
456.9999999999968, 4.561180619469833
457.1999999999968, 4.561180619469833
457.3999999999968, 4.561180619469833
457.5999999999968, 4.561180619469833
457.79999999999677, 4.561180619469833
457.99999999999676, 4.561180619469833
458.19999999999675, 4.561180619469833
458.39999999999674, 4.561180619469833
458.5999999999967, 4.561180619469833
458.7999999999967, 4.561180619469833
458.9999999999967, 4.561180619469833
459.1999999999967, 4.561180619469833
459.3999999999967, 4.561180619469833
459.59999999999667, 4.561180619469833
459.79999999999666, 4.561180619469833
459.99999999999665, 4.561180619469833
460.19999999999663, 4.561180619469833
460.3999999999966, 4.561180619469833
460.5999999999966, 4.561180619469833
460.7999999999966, 4.561180619469833
460.9999999999966, 4.561180619469833
461.1999999999966, 4.561180619469833
461.39999999999657, 4.561180619469833
461.59999999999656, 4.561180619469833
461.79999999999654, 4.561180619469833
461.99999999999653, 4.561180619469833
462.1999999999965, 4.561180619469833
462.3999999999965, 4.561180619469833
462.5999999999965, 4.561180619469833
462.7999999999965, 4.545652867257766
462.9999999999965, 4.545652867257766
463.19999999999646, 4.553416743363799
463.39999999999645, 4.553416743363799
463.59999999999644, 4.553416743363799
463.79999999999643, 4.553416743363799
463.9999999999964, 4.553416743363799
464.1999999999964, 4.553416743363799
464.3999999999964, 4.553416743363799
464.5999999999964, 4.553416743363799
464.7999999999964, 4.553416743363799
464.99999999999636, 4.553416743363799
465.19999999999635, 4.553416743363799
465.39999999999634, 4.553416743363799
465.5999999999963, 4.553416743363799
465.7999999999963, 4.553416743363799
465.9999999999963, 4.553416743363799
466.1999999999963, 4.553416743363799
466.3999999999963, 4.553416743363799
466.59999999999627, 4.553416743363799
466.79999999999626, 4.553416743363799
466.99999999999625, 4.553416743363799
467.19999999999624, 4.553416743363799
467.3999999999962, 4.553416743363799
467.5999999999962, 4.553416743363799
467.7999999999962, 4.553416743363799
467.99999999999613, 4.553416743363799
468.1999999999962, 4.553416743363799
468.39999999999617, 4.553416743363799
468.59999999999616, 4.553416743363799
468.79999999999615, 4.553416743363799
468.99999999999613, 4.553416743363799
469.1999999999961, 4.553416743363799
469.3999999999961, 4.553416743363799
469.5999999999961, 4.553416743363799
469.7999999999961, 4.553416743363799
469.9999999999961, 4.545652867257766
470.19999999999607, 4.545652867257766
470.39999999999606, 4.545652867257766
470.59999999999604, 4.545652867257766
470.79999999999603, 4.545652867257766
470.999999999996, 4.545652867257766
471.19999999999595, 4.545652867257766
471.399999999996, 4.545652867257766
471.599999999996, 4.545652867257766
471.799999999996, 4.545652867257766
471.99999999999596, 4.545652867257766
472.19999999999595, 4.545652867257766
472.39999999999594, 4.545652867257766
472.59999999999593, 4.545652867257766
472.7999999999959, 4.545652867257766
472.9999999999959, 4.545652867257766
473.1999999999959, 4.545652867257766
473.3999999999959, 4.545652867257766
473.5999999999959, 4.545652867257766
473.79999999999586, 4.545652867257766
473.99999999999585, 4.545652867257766
474.19999999999584, 4.545652867257766
474.39999999999577, 4.545652867257766
474.5999999999958, 4.545652867257766
474.7999999999958, 4.545652867257766
474.9999999999958, 4.537888991151732
475.1999999999958, 4.537888991151732
475.39999999999577, 4.537888991151732
475.59999999999576, 4.537888991151732
475.79999999999575, 4.537888991151732
475.9999999999957, 4.537888991151732
476.1999999999957, 4.537888991151732
476.39999999999566, 4.537888991151732
476.5999999999957, 4.537888991151732
476.7999999999957, 4.537888991151732
476.9999999999957, 4.537888991151732
477.19999999999567, 4.537888991151732
477.39999999999566, 4.537888991151732
477.59999999999565, 4.537888991151732
477.79999999999563, 4.537888991151732
477.99999999999557, 4.537888991151732
478.1999999999956, 4.537888991151732
478.39999999999554, 4.537888991151732
478.5999999999956, 4.537888991151732
478.7999999999955, 4.537888991151732
478.99999999999557, 4.537888991151732
479.1999999999955, 4.537888991151732
479.39999999999554, 4.537888991151732
479.59999999999553, 4.537888991151732
479.7999999999955, 4.537888991151732
479.9999999999955, 4.537888991151732
480.1999999999955, 4.537888991151732
480.39999999999543, 4.537888991151732
480.5999999999955, 4.537888991151732
480.7999999999954, 4.5223612389396655
480.99999999999545, 4.5223612389396655
481.1999999999954, 4.530125115045699
481.39999999999543, 4.530125115045699
481.5999999999954, 4.530125115045699
481.7999999999954, 4.530125115045699
481.9999999999954, 4.530125115045699
482.1999999999954, 4.530125115045699
482.3999999999953, 4.530125115045699
482.59999999999536, 4.530125115045699
482.7999999999953, 4.530125115045699
482.99999999999534, 4.530125115045699
483.19999999999527, 4.530125115045699
483.3999999999953, 4.530125115045699
483.5999999999953, 4.530125115045699
483.7999999999953, 4.530125115045699
483.9999999999953, 4.530125115045699
484.19999999999527, 4.530125115045699
484.3999999999952, 4.530125115045699
484.59999999999525, 4.530125115045699
484.7999999999952, 4.530125115045699
484.9999999999952, 4.530125115045699
485.19999999999516, 4.530125115045699
485.3999999999952, 4.530125115045699
485.5999999999952, 4.514597362833632
485.7999999999952, 4.514597362833632
485.99999999999517, 4.514597362833632
486.19999999999516, 4.5223612389396655
486.3999999999951, 4.5223612389396655
486.59999999999513, 4.5223612389396655
486.79999999999507, 4.5223612389396655
486.9999999999951, 4.5223612389396655
487.19999999999504, 4.5223612389396655
487.3999999999951, 4.5223612389396655
487.599999999995, 4.5223612389396655
487.79999999999507, 4.5223612389396655
487.99999999999505, 4.5223612389396655
488.19999999999504, 4.5223612389396655
488.39999999999503, 4.5223612389396655
488.599999999995, 4.5223612389396655
488.79999999999495, 4.5223612389396655
488.999999999995, 4.5223612389396655
489.19999999999493, 4.5223612389396655
489.399999999995, 4.5223612389396655
489.5999999999949, 4.514597362833632
489.79999999999495, 4.514597362833632
489.99999999999494, 4.514597362833632
490.19999999999493, 4.514597362833632
490.3999999999949, 4.514597362833632
490.5999999999949, 4.514597362833632
490.79999999999484, 4.514597362833632
490.9999999999949, 4.514597362833632
491.1999999999948, 4.514597362833632
491.39999999999486, 4.514597362833632
491.5999999999948, 4.514597362833632
491.79999999999484, 4.514597362833632
491.9999999999948, 4.514597362833632
492.1999999999948, 4.514597362833632
492.3999999999948, 4.514597362833632
492.5999999999948, 4.514597362833632
492.7999999999947, 4.514597362833632
492.99999999999477, 4.506833486727599
493.1999999999947, 4.506833486727599
493.39999999999475, 4.506833486727599
493.5999999999947, 4.506833486727599
493.7999999999947, 4.506833486727599
493.99999999999466, 4.506833486727599
494.1999999999947, 4.506833486727599
494.3999999999947, 4.506833486727599
494.5999999999947, 4.506833486727599
494.7999999999946, 4.506833486727599
494.99999999999466, 4.506833486727599
495.1999999999946, 4.506833486727599
495.39999999999463, 4.506833486727599
495.59999999999457, 4.506833486727599
495.7999999999946, 4.506833486727599
495.7999999999946, 4.4796599203564815
495.99999999999454, 4.506833486727599
495.99999999999454, 4.4796599203564815
496.1999999999946, 4.506833486727599
496.1999999999946, 4.4796599203564815
496.3999999999946, 4.499069610621565
496.59999999999457, 4.499069610621565
496.79999999999455, 4.499069610621565
496.99999999999454, 4.499069610621565
497.1999999999945, 4.499069610621565
497.3999999999945, 4.499069610621565
497.59999999999445, 4.499069610621565
497.7999999999945, 4.499069610621565
497.99999999999443, 4.499069610621565
498.1999999999945, 4.499069610621565
498.39999999999446, 4.499069610621565
498.59999999999445, 4.499069610621565
498.79999999999444, 4.499069610621565
498.79999999999444, 4.471896044250449
498.99999999999443, 4.499069610621565
498.99999999999443, 4.471896044250449
499.19999999999436, 4.491305734515532
499.3999999999944, 4.491305734515532
499.59999999999434, 4.491305734515532
499.7999999999944, 4.491305734515532
499.9999999999943, 4.491305734515532
500.19999999999436, 4.491305734515532
500.3999999999943, 4.491305734515532
500.59999999999434, 4.491305734515532
500.7999999999943, 4.491305734515532
500.9999999999943, 4.491305734515532
501.19999999999425, 4.483541858409499
501.3999999999943, 4.483541858409499
501.5999999999942, 4.483541858409499
501.79999999999427, 4.483541858409499
501.9999999999942, 4.483541858409499
502.19999999999425, 4.483541858409499
502.3999999999942, 4.483541858409499
502.5999999999942, 4.483541858409499
502.7999999999942, 4.483541858409499
502.9999999999942, 4.483541858409499
503.19999999999413, 4.483541858409499
503.3999999999942, 4.483541858409499
503.5999999999941, 4.475777982303465
503.79999999999416, 4.475777982303465
503.9999999999941, 4.475777982303465
504.19999999999413, 4.475777982303465
504.39999999999407, 4.475777982303465
504.5999999999941, 4.475777982303465
504.7999999999941, 4.475777982303465
504.9999999999941, 4.475777982303465
505.1999999999941, 4.475777982303465
505.39999999999407, 4.475777982303465
505.599999999994, 4.475777982303465
505.79999999999404, 4.475777982303465
505.999999999994, 4.4680141061974314
506.199999999994, 4.4680141061974314
506.39999999999395, 4.4680141061974314
506.599999999994, 4.4680141061974314
506.79999999999393, 4.4680141061974314
506.999999999994, 4.4680141061974314
507.19999999999396, 4.4680141061974314
507.39999999999395, 4.4680141061974314
507.5999999999939, 4.4680141061974314
507.5999999999939, 4.440840539826315
507.79999999999393, 4.4680141061974314
507.79999999999393, 4.440840539826315
507.99999999999386, 4.460250230091399
508.1999999999939, 4.460250230091399
508.39999999999384, 4.460250230091399
508.5999999999939, 4.460250230091399
508.7999999999938, 4.460250230091399
508.99999999999386, 4.460250230091399
509.19999999999385, 4.460250230091399
509.39999999999384, 4.460250230091399
509.59999999999377, 4.452486353985365
509.7999999999938, 4.452486353985365
509.99999999999375, 4.452486353985365
510.1999999999938, 4.452486353985365
510.3999999999937, 4.452486353985365
510.59999999999377, 4.452486353985365
510.7999999999937, 4.452486353985365
510.99999999999375, 4.452486353985365
510.99999999999375, 4.4253127876142475
511.19999999999374, 4.452486353985365
511.19999999999374, 4.4253127876142475
511.3999999999937, 4.444722477879331
511.59999999999366, 4.444722477879331
511.7999999999937, 4.444722477879331
511.99999999999363, 4.444722477879331
512.1999999999937, 4.444722477879331
512.3999999999937, 4.444722477879331
512.5999999999938, 4.444722477879331
512.7999999999938, 4.444722477879331
512.9999999999939, 4.444722477879331
512.9999999999939, 4.417548911508215
513.1999999999939, 4.444722477879331
513.1999999999939, 4.417548911508215
513.399999999994, 4.4369586017732985
513.599999999994, 4.4369586017732985
513.799999999994, 4.4369586017732985
513.9999999999941, 4.4369586017732985
514.1999999999941, 4.4369586017732985
514.3999999999942, 4.4369586017732985
514.5999999999942, 4.4369586017732985
514.7999999999943, 4.429194725667265
514.9999999999943, 4.429194725667265
515.1999999999944, 4.429194725667265
515.3999999999944, 4.429194725667265
515.5999999999945, 4.429194725667265
515.7999999999945, 4.429194725667265
515.7999999999945, 4.402021159296147
515.9999999999945, 4.429194725667265
515.9999999999945, 4.402021159296147
516.1999999999946, 4.429194725667265
516.1999999999946, 4.402021159296147
516.3999999999946, 4.421430849561231
516.5999999999947, 4.421430849561231
516.7999999999947, 4.421430849561231
516.9999999999948, 4.421430849561231
517.1999999999948, 4.421430849561231
517.3999999999949, 4.421430849561231
517.5999999999949, 4.421430849561231
517.799999999995, 4.413666973455197
517.999999999995, 4.413666973455197
518.199999999995, 4.413666973455197
518.3999999999951, 4.413666973455197
518.5999999999951, 4.413666973455197
518.7999999999952, 4.413666973455197
518.9999999999952, 4.413666973455197
519.1999999999953, 4.413666973455197
519.1999999999953, 4.386493407084081
519.3999999999953, 4.413666973455197
519.3999999999953, 4.386493407084081
519.5999999999954, 4.413666973455197
519.5999999999954, 4.386493407084081
519.7999999999954, 4.405903097349165
519.9999999999955, 4.405903097349165
520.1999999999955, 4.405903097349165
520.3999999999955, 4.405903097349165
520.5999999999956, 4.405903097349165
520.7999999999956, 4.405903097349165
520.7999999999956, 4.378729530978047
520.9999999999957, 4.405903097349165
520.9999999999957, 4.378729530978047
521.1999999999957, 4.398139221243131
521.3999999999958, 4.398139221243131
521.5999999999958, 4.398139221243131
521.7999999999959, 4.398139221243131
521.9999999999959, 4.398139221243131
522.199999999996, 4.398139221243131
522.199999999996, 4.370965654872014
522.399999999996, 4.398139221243131
522.399999999996, 4.370965654872014
522.599999999996, 4.390375345137097
522.7999999999961, 4.390375345137097
522.9999999999961, 4.390375345137097
523.1999999999962, 4.390375345137097
523.3999999999962, 4.390375345137097
523.5999999999963, 4.390375345137097
523.5999999999963, 4.363201778765981
523.7999999999963, 4.390375345137097
523.7999999999963, 4.363201778765981
523.9999999999964, 4.390375345137097
523.9999999999964, 4.363201778765981
524.1999999999964, 4.3826114690310645
524.3999999999965, 4.3826114690310645
524.5999999999965, 4.3826114690310645
524.7999999999965, 4.3826114690310645
524.9999999999966, 4.3826114690310645
524.9999999999966, 4.355437902659947
525.1999999999966, 4.3826114690310645
525.1999999999966, 4.355437902659947
525.3999999999967, 4.3826114690310645
525.3999999999967, 4.355437902659947
525.5999999999967, 4.374847592925031
525.7999999999968, 4.374847592925031
525.9999999999968, 4.374847592925031
526.1999999999969, 4.374847592925031
526.3999999999969, 4.374847592925031
526.599999999997, 4.374847592925031
526.599999999997, 4.347674026553914
526.799999999997, 4.374847592925031
526.799999999997, 4.347674026553914
526.999999999997, 4.367083716818997
527.1999999999971, 4.367083716818997
527.3999999999971, 4.367083716818997
527.5999999999972, 4.367083716818997
527.7999999999972, 4.367083716818997
527.9999999999973, 4.367083716818997
527.9999999999973, 4.3399101504478805
528.1999999999973, 4.367083716818997
528.1999999999973, 4.3399101504478805
528.3999999999974, 4.359319840712964
528.5999999999974, 4.359319840712964
528.7999999999975, 4.359319840712964
528.9999999999975, 4.359319840712964
529.1999999999975, 4.359319840712964
529.3999999999976, 4.351555964606931
529.5999999999976, 4.351555964606931
529.7999999999977, 4.351555964606931
529.9999999999977, 4.351555964606931
530.1999999999978, 4.351555964606931
530.3999999999978, 4.351555964606931
530.5999999999979, 4.351555964606931
530.7999999999979, 4.351555964606931
530.999999999998, 4.343792088500897
531.199999999998, 4.343792088500897
531.399999999998, 4.343792088500897
531.5999999999981, 4.343792088500897
531.7999999999981, 4.343792088500897
531.9999999999982, 4.343792088500897
532.1999999999982, 4.343792088500897
532.3999999999983, 4.343792088500897
532.3999999999983, 4.31661852212978
532.5999999999983, 4.343792088500897
532.5999999999983, 4.31661852212978
532.7999999999984, 4.336028212394864
532.9999999999984, 4.336028212394864
533.1999999999985, 4.336028212394864
533.3999999999985, 4.336028212394864
533.5999999999985, 4.336028212394864
533.7999999999986, 4.336028212394864
533.7999999999986, 4.308854646023747
533.9999999999986, 4.336028212394864
533.9999999999986, 4.308854646023747
534.1999999999987, 4.336028212394864
534.1999999999987, 4.308854646023747
534.3999999999987, 4.3282643362888304
534.5999999999988, 4.3282643362888304
534.7999999999988, 4.3282643362888304
534.9999999999989, 4.3282643362888304
535.1999999999989, 4.3282643362888304
535.399999999999, 4.3282643362888304
535.399999999999, 4.301090769917714
535.599999999999, 4.3282643362888304
535.599999999999, 4.301090769917714
535.799999999999, 4.320500460182797
535.9999999999991, 4.320500460182797
536.1999999999991, 4.320500460182797
536.3999999999992, 4.320500460182797
536.5999999999992, 4.320500460182797
536.7999999999993, 4.320500460182797
536.7999999999993, 4.29332689381168
536.9999999999993, 4.320500460182797
536.9999999999993, 4.29332689381168
537.1999999999994, 4.312736584076763
537.3999999999994, 4.312736584076763
537.5999999999995, 4.312736584076763
537.7999999999995, 4.312736584076763
537.9999999999995, 4.312736584076763
538.1999999999996, 4.312736584076763
538.3999999999996, 4.312736584076763
538.5999999999997, 4.312736584076763
538.7999999999997, 4.30497270797073
538.9999999999998, 4.30497270797073
539.1999999999998, 4.30497270797073
539.3999999999999, 4.30497270797073
539.5999999999999, 4.30497270797073
539.5999999999999, 4.277799141599613
539.8, 4.30497270797073
539.8, 4.277799141599613
540, 4.30497270797073
540, 4.277799141599613
540.2, 4.297208831864697
540.4000000000001, 4.297208831864697
540.6000000000001, 4.297208831864697
540.8000000000002, 4.297208831864697
541.0000000000002, 4.297208831864697
541.2000000000003, 4.297208831864697
541.4000000000003, 4.297208831864697
541.6000000000004, 4.289444955758663
541.8000000000004, 4.289444955758663
542.0000000000005, 4.289444955758663
542.2000000000005, 4.289444955758663
542.4000000000005, 4.289444955758663
542.6000000000006, 4.289444955758663
542.8000000000006, 4.289444955758663
543.0000000000007, 4.289444955758663
543.0000000000007, 4.262271389387546
543.2000000000007, 4.289444955758663
543.2000000000007, 4.262271389387546
543.4000000000008, 4.289444955758663
543.4000000000008, 4.262271389387546
543.6000000000008, 4.28168107965263
543.8000000000009, 4.28168107965263
544.0000000000009, 4.28168107965263
544.200000000001, 4.28168107965263
544.400000000001, 4.28168107965263
544.600000000001, 4.28168107965263
544.8000000000011, 4.28168107965263
545.0000000000011, 4.273917203546596
545.2000000000012, 4.273917203546596
545.4000000000012, 4.273917203546596
545.6000000000013, 4.273917203546596
545.8000000000013, 4.273917203546596
546.0000000000014, 4.273917203546596
546.2000000000014, 4.273917203546596
546.4000000000015, 4.273917203546596
546.6000000000015, 4.266153327440563
546.8000000000015, 4.266153327440563
547.0000000000016, 4.266153327440563
547.2000000000016, 4.266153327440563
547.4000000000017, 4.266153327440563
547.6000000000017, 4.266153327440563
547.8000000000018, 4.266153327440563
548.0000000000018, 4.266153327440563
548.0000000000018, 4.238979761069446
548.2000000000019, 4.266153327440563
548.2000000000019, 4.238979761069446
548.4000000000019, 4.25838945133453
548.600000000002, 4.25838945133453
548.800000000002, 4.25838945133453
549.000000000002, 4.25838945133453
549.2000000000021, 4.25838945133453
549.4000000000021, 4.25838945133453
549.6000000000022, 4.25838945133453
549.8000000000022, 4.25838945133453
550.0000000000023, 4.25838945133453
550.2000000000023, 4.25838945133453
550.4000000000024, 4.250625575228496
550.6000000000024, 4.250625575228496
550.8000000000025, 4.250625575228496
551.0000000000025, 4.250625575228496
551.2000000000025, 4.250625575228496
551.4000000000026, 4.250625575228496
551.6000000000026, 4.250625575228496
551.8000000000027, 4.242861699122463
552.0000000000027, 4.242861699122463
552.2000000000028, 4.242861699122463
552.4000000000028, 4.242861699122463
552.6000000000029, 4.242861699122463
552.8000000000029, 4.242861699122463
553.000000000003, 4.242861699122463
553.200000000003, 4.242861699122463
553.400000000003, 4.23509782301643
553.6000000000031, 4.23509782301643
553.8000000000031, 4.23509782301643
554.0000000000032, 4.23509782301643
554.2000000000032, 4.23509782301643
554.4000000000033, 4.23509782301643
554.6000000000033, 4.23509782301643
554.8000000000034, 4.23509782301643
555.0000000000034, 4.23509782301643
555.2000000000035, 4.227333946910396
555.4000000000035, 4.227333946910396
555.6000000000035, 4.227333946910396
555.8000000000036, 4.227333946910396
556.0000000000036, 4.227333946910396
556.2000000000037, 4.227333946910396
556.4000000000037, 4.227333946910396
556.6000000000038, 4.227333946910396
556.8000000000038, 4.227333946910396
557.0000000000039, 4.227333946910396
557.2000000000039, 4.219570070804362
557.400000000004, 4.219570070804362
557.600000000004, 4.219570070804362
557.800000000004, 4.219570070804362
558.0000000000041, 4.219570070804362
558.2000000000041, 4.219570070804362
558.4000000000042, 4.219570070804362
558.6000000000042, 4.219570070804362
558.6000000000042, 4.192396504433246
558.8000000000043, 4.219570070804362
558.8000000000043, 4.192396504433246
559.0000000000043, 4.219570070804362
559.0000000000043, 4.192396504433246
559.2000000000044, 4.21180619469833
559.4000000000044, 4.21180619469833
559.6000000000045, 4.21180619469833
559.8000000000045, 4.21180619469833
560.0000000000045, 4.21180619469833
560.2000000000046, 4.21180619469833
560.4000000000046, 4.21180619469833
560.6000000000047, 4.204042318592296
560.8000000000047, 4.204042318592296
561.0000000000048, 4.204042318592296
561.2000000000048, 4.204042318592296
561.4000000000049, 4.204042318592296
561.6000000000049, 4.204042318592296
561.800000000005, 4.204042318592296
562.000000000005, 4.204042318592296
562.200000000005, 4.204042318592296
562.4000000000051, 4.204042318592296
562.6000000000051, 4.204042318592296
562.6000000000051, 4.1768687522211785
562.8000000000052, 4.204042318592296
562.8000000000052, 4.1768687522211785
563.0000000000052, 4.196278442486262
563.2000000000053, 4.196278442486262
563.4000000000053, 4.196278442486262
563.6000000000054, 4.196278442486262
563.8000000000054, 4.196278442486262
564.0000000000055, 4.196278442486262
564.2000000000055, 4.196278442486262
564.4000000000055, 4.196278442486262
564.6000000000056, 4.196278442486262
564.8000000000056, 4.196278442486262
565.0000000000057, 4.1885145663802295
565.2000000000057, 4.1885145663802295
565.4000000000058, 4.1885145663802295
565.6000000000058, 4.1885145663802295
565.8000000000059, 4.1885145663802295
566.0000000000059, 4.1885145663802295
566.200000000006, 4.1885145663802295
566.400000000006, 4.180750690274196
566.600000000006, 4.180750690274196
566.8000000000061, 4.180750690274196
567.0000000000061, 4.180750690274196
567.2000000000062, 4.180750690274196
567.4000000000062, 4.180750690274196
567.6000000000063, 4.180750690274196
567.8000000000063, 4.180750690274196
568.0000000000064, 4.180750690274196
568.2000000000064, 4.180750690274196
568.4000000000065, 4.172986814168162
568.6000000000065, 4.172986814168162
568.8000000000065, 4.172986814168162
569.0000000000066, 4.172986814168162
569.2000000000066, 4.172986814168162
569.4000000000067, 4.172986814168162
569.6000000000067, 4.172986814168162
569.8000000000068, 4.172986814168162
570.0000000000068, 4.172986814168162
570.2000000000069, 4.172986814168162
570.4000000000069, 4.172986814168162
570.600000000007, 4.172986814168162
570.800000000007, 4.165222938062128
571.000000000007, 4.165222938062128
571.2000000000071, 4.165222938062128
571.4000000000071, 4.165222938062128
571.6000000000072, 4.165222938062128
571.8000000000072, 4.165222938062128
572.0000000000073, 4.165222938062128
572.2000000000073, 4.165222938062128
572.4000000000074, 4.165222938062128
572.6000000000074, 4.165222938062128
572.8000000000075, 4.157459061956096
573.0000000000075, 4.157459061956096
573.2000000000075, 4.157459061956096
573.4000000000076, 4.157459061956096
573.6000000000076, 4.157459061956096
573.8000000000077, 4.157459061956096
574.0000000000077, 4.157459061956096
574.2000000000078, 4.157459061956096
574.2000000000078, 4.130285495584978
574.4000000000078, 4.157459061956096
574.4000000000078, 4.130285495584978
574.6000000000079, 4.157459061956096
574.6000000000079, 4.130285495584978
574.8000000000079, 4.149695185850062
575.000000000008, 4.149695185850062
575.200000000008, 4.149695185850062
575.400000000008, 4.149695185850062
575.6000000000081, 4.149695185850062
575.8000000000081, 4.149695185850062
576.0000000000082, 4.149695185850062
576.2000000000082, 4.149695185850062
576.4000000000083, 4.149695185850062
576.6000000000083, 4.141931309744028
576.8000000000084, 4.141931309744028
577.0000000000084, 4.141931309744028
577.2000000000085, 4.141931309744028
577.4000000000085, 4.141931309744028
577.6000000000085, 4.141931309744028
577.8000000000086, 4.141931309744028
578.0000000000086, 4.141931309744028
578.2000000000087, 4.141931309744028
578.4000000000087, 4.141931309744028
578.6000000000088, 4.141931309744028
578.8000000000088, 4.141931309744028
579.0000000000089, 4.141931309744028
579.2000000000089, 4.134167433637995
579.400000000009, 4.134167433637995
579.600000000009, 4.134167433637995
579.800000000009, 4.134167433637995
580.0000000000091, 4.134167433637995
580.2000000000091, 4.134167433637995
580.4000000000092, 4.134167433637995
580.6000000000092, 4.134167433637995
580.8000000000093, 4.134167433637995
581.0000000000093, 4.126403557531962
581.2000000000094, 4.126403557531962
581.4000000000094, 4.126403557531962
581.6000000000095, 4.126403557531962
581.8000000000095, 4.126403557531962
582.0000000000095, 4.126403557531962
582.2000000000096, 4.126403557531962
582.4000000000096, 4.126403557531962
582.6000000000097, 4.126403557531962
582.8000000000097, 4.126403557531962
583.0000000000098, 4.118639681425928
583.2000000000098, 4.118639681425928
583.4000000000099, 4.118639681425928
583.6000000000099, 4.118639681425928
583.80000000001, 4.118639681425928
584.00000000001, 4.118639681425928
584.20000000001, 4.118639681425928
584.4000000000101, 4.118639681425928
584.6000000000101, 4.118639681425928
584.8000000000102, 4.118639681425928
585.0000000000102, 4.118639681425928
585.2000000000103, 4.118639681425928
585.4000000000103, 4.110875805319895
585.6000000000104, 4.110875805319895
585.8000000000104, 4.110875805319895
586.0000000000105, 4.110875805319895
586.2000000000105, 4.110875805319895
586.4000000000106, 4.110875805319895
586.6000000000106, 4.110875805319895
586.8000000000106, 4.110875805319895
587.0000000000107, 4.110875805319895
587.2000000000107, 4.110875805319895
587.4000000000108, 4.110875805319895
587.4000000000108, 4.083702238948778
587.6000000000108, 4.110875805319895
587.6000000000108, 4.083702238948778
587.8000000000109, 4.103111929213862
588.0000000000109, 4.103111929213862
588.200000000011, 4.103111929213862
588.400000000011, 4.103111929213862
588.600000000011, 4.103111929213862
588.8000000000111, 4.103111929213862
589.0000000000111, 4.103111929213862
589.2000000000112, 4.103111929213862
589.4000000000112, 4.103111929213862
589.6000000000113, 4.103111929213862
589.8000000000113, 4.095348053107828
590.0000000000114, 4.095348053107828
590.2000000000114, 4.095348053107828
590.4000000000115, 4.095348053107828
590.6000000000115, 4.095348053107828
590.8000000000116, 4.095348053107828
591.0000000000116, 4.095348053107828
591.2000000000116, 4.095348053107828
591.4000000000117, 4.095348053107828
591.6000000000117, 4.095348053107828
591.8000000000118, 4.087584177001794
592.0000000000118, 4.087584177001794
592.2000000000119, 4.087584177001794
592.4000000000119, 4.087584177001794
592.600000000012, 4.087584177001794
592.800000000012, 4.087584177001794
593.000000000012, 4.087584177001794
593.2000000000121, 4.087584177001794
593.4000000000121, 4.087584177001794
593.6000000000122, 4.087584177001794
593.8000000000122, 4.087584177001794
594.0000000000123, 4.087584177001794
594.2000000000123, 4.079820300895761
594.4000000000124, 4.079820300895761
594.6000000000124, 4.079820300895761
594.8000000000125, 4.079820300895761
595.0000000000125, 4.079820300895761
595.2000000000126, 4.079820300895761
595.4000000000126, 4.079820300895761
595.6000000000126, 4.079820300895761
595.8000000000127, 4.079820300895761
596.0000000000127, 4.079820300895761
596.2000000000128, 4.072056424789728
596.4000000000128, 4.072056424789728
596.6000000000129, 4.072056424789728
596.8000000000129, 4.072056424789728
597.000000000013, 4.072056424789728
597.200000000013, 4.072056424789728
597.400000000013, 4.072056424789728
597.6000000000131, 4.072056424789728
597.8000000000131, 4.072056424789728
598.0000000000132, 4.072056424789728
598.2000000000132, 4.072056424789728
598.4000000000133, 4.072056424789728
598.6000000000133, 4.064292548683694
598.8000000000134, 4.064292548683694
599.0000000000134, 4.064292548683694
599.2000000000135, 4.064292548683694
599.4000000000135, 4.064292548683694
599.6000000000136, 4.064292548683694
599.8000000000136, 4.064292548683694
600.0000000000136, 4.064292548683694
600.2000000000137, 4.064292548683694
600.4000000000137, 4.064292548683694
600.6000000000138, 4.064292548683694
600.8000000000138, 4.064292548683694
601.0000000000139, 4.064292548683694
601.0000000000139, 4.0371189823125775
601.2000000000139, 4.064292548683694
601.2000000000139, 4.0371189823125775
601.400000000014, 4.064292548683694
601.400000000014, 4.0371189823125775
601.600000000014, 4.056528672577661
601.800000000014, 4.056528672577661
602.0000000000141, 4.056528672577661
602.2000000000141, 4.056528672577661
602.4000000000142, 4.056528672577661
602.6000000000142, 4.056528672577661
602.8000000000143, 4.056528672577661
603.0000000000143, 4.056528672577661
603.2000000000144, 4.056528672577661
603.4000000000144, 4.056528672577661
603.6000000000145, 4.056528672577661
603.8000000000145, 4.056528672577661
604.0000000000146, 4.048764796471628
604.2000000000146, 4.048764796471628
604.4000000000146, 4.048764796471628
604.6000000000147, 4.048764796471628
604.8000000000147, 4.048764796471628
605.0000000000148, 4.048764796471628
605.2000000000148, 4.048764796471628
605.4000000000149, 4.048764796471628
605.6000000000149, 4.048764796471628
605.800000000015, 4.041000920365594
606.000000000015, 4.041000920365594
606.200000000015, 4.041000920365594
606.4000000000151, 4.041000920365594
606.6000000000151, 4.041000920365594
606.8000000000152, 4.041000920365594
607.0000000000152, 4.041000920365594
607.2000000000153, 4.041000920365594
607.4000000000153, 4.041000920365594
607.6000000000154, 4.041000920365594
607.8000000000154, 4.041000920365594
608.0000000000155, 4.041000920365594
608.2000000000155, 4.041000920365594
608.4000000000156, 4.033237044259561
608.6000000000156, 4.033237044259561
608.8000000000156, 4.033237044259561
609.0000000000157, 4.033237044259561
609.2000000000157, 4.033237044259561
609.4000000000158, 4.033237044259561
609.6000000000158, 4.033237044259561
609.8000000000159, 4.033237044259561
610.0000000000159, 4.033237044259561
610.200000000016, 4.033237044259561
610.400000000016, 4.033237044259561
610.600000000016, 4.033237044259561
610.8000000000161, 4.025473168153527
611.0000000000161, 4.025473168153527
611.2000000000162, 4.025473168153527
611.4000000000162, 4.025473168153527
611.6000000000163, 4.025473168153527
611.8000000000163, 4.025473168153527
612.0000000000164, 4.025473168153527
612.2000000000164, 4.025473168153527
612.4000000000165, 4.025473168153527
612.6000000000165, 4.025473168153527
612.8000000000166, 4.025473168153527
613.0000000000166, 4.025473168153527
613.2000000000166, 4.017709292047494
613.4000000000167, 4.017709292047494
613.6000000000167, 4.017709292047494
613.8000000000168, 4.017709292047494
614.0000000000168, 4.017709292047494
614.2000000000169, 4.017709292047494
614.4000000000169, 4.017709292047494
614.600000000017, 4.017709292047494
614.800000000017, 4.017709292047494
615.000000000017, 4.017709292047494
615.2000000000171, 4.017709292047494
615.4000000000171, 4.017709292047494
615.6000000000172, 4.009945415941461
615.8000000000172, 4.009945415941461
616.0000000000173, 4.009945415941461
616.2000000000173, 4.009945415941461
616.4000000000174, 4.009945415941461
616.6000000000174, 4.009945415941461
616.8000000000175, 4.009945415941461
617.0000000000175, 4.009945415941461
617.2000000000176, 4.009945415941461
617.4000000000176, 4.009945415941461
617.6000000000176, 4.009945415941461
617.8000000000177, 4.009945415941461
618.0000000000177, 4.002181539835427
618.2000000000178, 4.002181539835427
618.4000000000178, 4.002181539835427
618.6000000000179, 4.002181539835427
618.8000000000179, 4.002181539835427
619.000000000018, 4.002181539835427
619.200000000018, 4.002181539835427
619.400000000018, 4.002181539835427
619.6000000000181, 4.002181539835427
619.8000000000181, 4.002181539835427
620.0000000000182, 4.002181539835427
620.2000000000182, 4.002181539835427
620.4000000000183, 4.002181539835427
620.4000000000183, 3.9750079734643107
620.6000000000183, 4.002181539835427
620.6000000000183, 3.9750079734643107
620.8000000000184, 4.002181539835427
620.8000000000184, 3.9750079734643107
621.0000000000184, 3.9944176637293936
621.2000000000185, 3.9944176637293936
621.4000000000185, 3.9944176637293936
621.6000000000186, 3.9944176637293936
621.8000000000186, 3.9944176637293936
622.0000000000186, 3.9944176637293936
622.2000000000187, 3.9944176637293936
622.4000000000187, 3.9944176637293936
622.6000000000188, 3.9944176637293936
622.8000000000188, 3.9944176637293936
623.0000000000189, 3.9866537876233603
623.2000000000189, 3.9866537876233603
623.400000000019, 3.9866537876233603
623.600000000019, 3.9866537876233603
623.800000000019, 3.9866537876233603
624.0000000000191, 3.9866537876233603
624.2000000000191, 3.9866537876233603
624.4000000000192, 3.9866537876233603
624.6000000000192, 3.9866537876233603
624.8000000000193, 3.9866537876233603
625.0000000000193, 3.9866537876233603
625.2000000000194, 3.9866537876233603
625.4000000000194, 3.978889911517327
625.6000000000195, 3.978889911517327
625.8000000000195, 3.978889911517327
626.0000000000196, 3.978889911517327
626.2000000000196, 3.978889911517327
626.4000000000196, 3.978889911517327
626.6000000000197, 3.978889911517327
626.8000000000197, 3.978889911517327
627.0000000000198, 3.978889911517327
627.2000000000198, 3.978889911517327
627.4000000000199, 3.978889911517327
627.6000000000199, 3.978889911517327
627.80000000002, 3.9711260354112934
628.00000000002, 3.9711260354112934
628.20000000002, 3.9711260354112934
628.4000000000201, 3.9711260354112934
628.6000000000201, 3.9711260354112934
628.8000000000202, 3.9711260354112934
629.0000000000202, 3.9711260354112934
629.2000000000203, 3.9711260354112934
629.4000000000203, 3.9711260354112934
629.6000000000204, 3.9711260354112934
629.8000000000204, 3.9711260354112934
630.0000000000205, 3.9711260354112934
630.2000000000205, 3.955598283199227
630.4000000000206, 3.955598283199227
630.6000000000206, 3.955598283199227
630.8000000000206, 3.9633621593052606
631.0000000000207, 3.9633621593052606
631.2000000000207, 3.9633621593052606
631.4000000000208, 3.9633621593052606
631.6000000000208, 3.9633621593052606
631.8000000000209, 3.9633621593052606
632.0000000000209, 3.9633621593052606
632.200000000021, 3.9633621593052606
632.400000000021, 3.9633621593052606
632.600000000021, 3.9633621593052606
632.600000000021, 3.936188592934143
632.8000000000211, 3.9633621593052606
632.8000000000211, 3.936188592934143
633.0000000000211, 3.9633621593052606
633.0000000000211, 3.936188592934143
633.2000000000212, 3.955598283199227
633.4000000000212, 3.955598283199227
633.6000000000213, 3.955598283199227
633.8000000000213, 3.955598283199227
634.0000000000214, 3.955598283199227
634.2000000000214, 3.955598283199227
634.4000000000215, 3.955598283199227
634.6000000000215, 3.955598283199227
634.8000000000216, 3.955598283199227
635.0000000000216, 3.955598283199227
635.2000000000216, 3.955598283199227
635.4000000000217, 3.955598283199227
635.6000000000217, 3.955598283199227
635.6000000000217, 3.92842471682811
635.8000000000218, 3.955598283199227
635.8000000000218, 3.92842471682811
636.0000000000218, 3.947834407093193
636.2000000000219, 3.947834407093193
636.4000000000219, 3.947834407093193
636.600000000022, 3.947834407093193
636.800000000022, 3.947834407093193
637.000000000022, 3.947834407093193
637.2000000000221, 3.947834407093193
637.4000000000221, 3.947834407093193
637.6000000000222, 3.947834407093193
637.8000000000222, 3.947834407093193
638.0000000000223, 3.947834407093193
638.0000000000223, 3.9206608407220767
638.2000000000223, 3.947834407093193
638.2000000000223, 3.9206608407220767
638.4000000000224, 3.947834407093193
638.4000000000224, 3.9206608407220767
638.6000000000224, 3.94007053098716
638.8000000000225, 3.94007053098716
639.0000000000225, 3.94007053098716
639.2000000000226, 3.94007053098716
639.4000000000226, 3.94007053098716
639.6000000000226, 3.94007053098716
639.8000000000227, 3.94007053098716
640.0000000000227, 3.94007053098716
640.2000000000228, 3.94007053098716
640.4000000000228, 3.94007053098716
640.4000000000228, 3.912896964616043
640.6000000000229, 3.94007053098716
640.6000000000229, 3.912896964616043
640.8000000000229, 3.94007053098716
640.8000000000229, 3.912896964616043
641.000000000023, 3.9323066548811267
641.200000000023, 3.9323066548811267
641.400000000023, 3.9323066548811267
641.6000000000231, 3.9323066548811267
641.8000000000231, 3.9323066548811267
642.0000000000232, 3.9323066548811267
642.2000000000232, 3.9323066548811267
642.4000000000233, 3.9323066548811267
642.6000000000233, 3.9323066548811267
642.8000000000234, 3.9323066548811267
643.0000000000234, 3.9323066548811267
643.2000000000235, 3.9323066548811267
643.4000000000235, 3.9323066548811267
643.4000000000235, 3.9051330885100097
643.6000000000236, 3.9323066548811267
643.6000000000236, 3.9051330885100097
643.8000000000236, 3.924542778775093
644.0000000000236, 3.924542778775093
644.2000000000237, 3.924542778775093
644.4000000000237, 3.924542778775093
644.6000000000238, 3.924542778775093
644.8000000000238, 3.924542778775093
645.0000000000239, 3.924542778775093
645.2000000000239, 3.924542778775093
645.400000000024, 3.924542778775093
645.600000000024, 3.924542778775093
645.800000000024, 3.924542778775093
646.0000000000241, 3.924542778775093
646.2000000000241, 3.924542778775093
646.4000000000242, 3.91677890266906
646.6000000000242, 3.91677890266906
646.8000000000243, 3.91677890266906
647.0000000000243, 3.91677890266906
647.2000000000244, 3.91677890266906
647.4000000000244, 3.91677890266906
647.6000000000245, 3.91677890266906
647.8000000000245, 3.91677890266906
648.0000000000246, 3.91677890266906
648.2000000000246, 3.91677890266906
648.4000000000246, 3.91677890266906
648.6000000000247, 3.91677890266906
648.8000000000247, 3.91677890266906
648.8000000000247, 3.889605336297943
649.0000000000248, 3.91677890266906
649.0000000000248, 3.889605336297943
649.2000000000248, 3.9090150265630266
649.4000000000249, 3.9090150265630266
649.6000000000249, 3.9090150265630266
649.800000000025, 3.9090150265630266
650.000000000025, 3.9090150265630266
650.200000000025, 3.9090150265630266
650.4000000000251, 3.9090150265630266
650.6000000000251, 3.9090150265630266
650.8000000000252, 3.9090150265630266
651.0000000000252, 3.9090150265630266
651.2000000000253, 3.9090150265630266
651.4000000000253, 3.9090150265630266
651.6000000000254, 3.901251150456993
651.8000000000254, 3.901251150456993
652.0000000000255, 3.901251150456993
652.2000000000255, 3.901251150456993
652.4000000000256, 3.901251150456993
652.6000000000256, 3.901251150456993
652.8000000000256, 3.901251150456993
653.0000000000257, 3.901251150456993
653.2000000000257, 3.901251150456993
653.4000000000258, 3.901251150456993
653.6000000000258, 3.901251150456993
653.8000000000259, 3.901251150456993
654.0000000000259, 3.901251150456993
654.200000000026, 3.901251150456993
654.400000000026, 3.901251150456993
654.6000000000261, 3.8934872743509596
654.8000000000261, 3.8934872743509596
655.0000000000261, 3.8934872743509596
655.2000000000262, 3.8934872743509596
655.4000000000262, 3.8934872743509596
655.6000000000263, 3.8934872743509596
655.8000000000263, 3.8934872743509596
656.0000000000264, 3.8934872743509596
656.2000000000264, 3.8934872743509596
656.4000000000265, 3.8934872743509596
656.6000000000265, 3.8934872743509596
656.8000000000266, 3.8934872743509596
657.0000000000266, 3.8934872743509596
657.2000000000266, 3.8934872743509596
657.4000000000267, 3.885723398244926
657.6000000000267, 3.885723398244926
657.8000000000268, 3.885723398244926
658.0000000000268, 3.885723398244926
658.2000000000269, 3.885723398244926
658.4000000000269, 3.885723398244926
658.600000000027, 3.885723398244926
658.800000000027, 3.885723398244926
659.0000000000271, 3.885723398244926
659.2000000000271, 3.885723398244926
659.4000000000271, 3.885723398244926
659.6000000000272, 3.885723398244926
659.8000000000272, 3.885723398244926
660.0000000000273, 3.8779595221388927
660.2000000000273, 3.8779595221388927
660.4000000000274, 3.8779595221388927
660.6000000000274, 3.8779595221388927
660.8000000000275, 3.8779595221388927
661.0000000000275, 3.8779595221388927
661.2000000000276, 3.8779595221388927
661.4000000000276, 3.8779595221388927
661.6000000000276, 3.8779595221388927
661.8000000000277, 3.8779595221388927
662.0000000000277, 3.8779595221388927
662.2000000000278, 3.8779595221388927
662.4000000000278, 3.8779595221388927
662.6000000000279, 3.8779595221388927
662.8000000000279, 3.870195646032859
663.000000000028, 3.870195646032859
663.200000000028, 3.870195646032859
663.4000000000281, 3.870195646032859
663.6000000000281, 3.870195646032859
663.8000000000281, 3.870195646032859
664.0000000000282, 3.870195646032859
664.2000000000282, 3.870195646032859
664.4000000000283, 3.870195646032859
664.6000000000283, 3.870195646032859
664.8000000000284, 3.870195646032859
665.0000000000284, 3.870195646032859
665.2000000000285, 3.870195646032859
665.4000000000285, 3.870195646032859
665.6000000000286, 3.870195646032859
665.8000000000286, 3.870195646032859
666.0000000000286, 3.870195646032859
666.2000000000287, 3.862431769926826
666.4000000000287, 3.862431769926826
666.6000000000288, 3.862431769926826
666.8000000000288, 3.862431769926826
667.0000000000289, 3.862431769926826
667.2000000000289, 3.862431769926826
667.400000000029, 3.862431769926826
667.600000000029, 3.862431769926826
667.8000000000291, 3.862431769926826
668.0000000000291, 3.862431769926826
668.2000000000291, 3.862431769926826
668.4000000000292, 3.862431769926826
668.6000000000292, 3.8546678938207926
668.8000000000293, 3.8546678938207926
669.0000000000293, 3.8546678938207926
669.2000000000294, 3.8546678938207926
669.4000000000294, 3.8546678938207926
669.6000000000295, 3.8546678938207926
669.8000000000295, 3.8546678938207926
670.0000000000296, 3.8546678938207926
670.2000000000296, 3.8546678938207926
670.4000000000296, 3.8546678938207926
670.6000000000297, 3.8546678938207926
670.8000000000297, 3.8546678938207926
671.0000000000298, 3.8546678938207926
671.2000000000298, 3.8546678938207926
671.4000000000299, 3.8546678938207926
671.6000000000299, 3.839140141608726
671.80000000003, 3.839140141608726
672.00000000003, 3.839140141608726
672.2000000000301, 3.846904017714759
672.4000000000301, 3.846904017714759
672.6000000000301, 3.846904017714759
672.8000000000302, 3.846904017714759
673.0000000000302, 3.846904017714759
673.2000000000303, 3.846904017714759
673.4000000000303, 3.846904017714759
673.6000000000304, 3.846904017714759
673.8000000000304, 3.846904017714759
674.0000000000305, 3.846904017714759
674.2000000000305, 3.846904017714759
674.4000000000306, 3.846904017714759
674.6000000000306, 3.846904017714759
674.8000000000306, 3.846904017714759
675.0000000000307, 3.839140141608726
675.2000000000307, 3.839140141608726
675.4000000000308, 3.839140141608726
675.6000000000308, 3.839140141608726
675.8000000000309, 3.839140141608726
676.0000000000309, 3.839140141608726
676.200000000031, 3.839140141608726
676.400000000031, 3.839140141608726
676.6000000000311, 3.839140141608726
676.8000000000311, 3.839140141608726
677.0000000000312, 3.839140141608726
677.2000000000312, 3.839140141608726
677.4000000000312, 3.839140141608726
677.6000000000313, 3.839140141608726
677.8000000000313, 3.839140141608726
678.0000000000314, 3.839140141608726
678.2000000000314, 3.839140141608726
678.4000000000315, 3.8313762655026924
678.6000000000315, 3.8313762655026924
678.8000000000316, 3.8313762655026924
679.0000000000316, 3.8313762655026924
679.2000000000317, 3.8313762655026924
679.4000000000317, 3.8313762655026924
679.6000000000317, 3.8313762655026924
679.8000000000318, 3.8313762655026924
680.0000000000318, 3.8313762655026924
680.2000000000319, 3.8313762655026924
680.4000000000319, 3.8313762655026924
680.600000000032, 3.8313762655026924
680.800000000032, 3.8313762655026924
681.0000000000321, 3.8313762655026924
681.2000000000321, 3.8313762655026924
681.4000000000322, 3.8236123893966587
681.6000000000322, 3.8236123893966587
681.8000000000322, 3.8236123893966587
682.0000000000323, 3.8236123893966587
682.2000000000323, 3.8236123893966587
682.4000000000324, 3.8236123893966587
682.6000000000324, 3.8236123893966587
682.8000000000325, 3.8236123893966587
683.0000000000325, 3.8236123893966587
683.2000000000326, 3.8236123893966587
683.4000000000326, 3.8236123893966587
683.6000000000327, 3.8236123893966587
683.8000000000327, 3.8236123893966587
684.0000000000327, 3.8236123893966587
684.2000000000328, 3.815848513290626
684.4000000000328, 3.815848513290626
684.6000000000329, 3.815848513290626
684.8000000000329, 3.815848513290626
685.000000000033, 3.815848513290626
685.200000000033, 3.815848513290626
685.4000000000331, 3.815848513290626
685.6000000000331, 3.815848513290626
685.8000000000332, 3.815848513290626
686.0000000000332, 3.815848513290626
686.2000000000332, 3.815848513290626
686.4000000000333, 3.815848513290626
686.6000000000333, 3.815848513290626
686.8000000000334, 3.815848513290626
687.0000000000334, 3.815848513290626
687.2000000000335, 3.815848513290626
687.4000000000335, 3.815848513290626
687.6000000000336, 3.8080846371845922
687.8000000000336, 3.8080846371845922
688.0000000000337, 3.8080846371845922
688.2000000000337, 3.8080846371845922
688.4000000000337, 3.8080846371845922
688.6000000000338, 3.8080846371845922
688.8000000000338, 3.8080846371845922
689.0000000000339, 3.8080846371845922
689.2000000000339, 3.8080846371845922
689.400000000034, 3.8080846371845922
689.600000000034, 3.8080846371845922
689.8000000000341, 3.8080846371845922
690.0000000000341, 3.8080846371845922
690.2000000000342, 3.8080846371845922
690.4000000000342, 3.8080846371845922
690.6000000000342, 3.8080846371845922
690.8000000000343, 3.8080846371845922
691.0000000000343, 3.8003207610785585
691.2000000000344, 3.8003207610785585
691.4000000000344, 3.8003207610785585
691.6000000000345, 3.8003207610785585
691.8000000000345, 3.8003207610785585
692.0000000000346, 3.8003207610785585
692.2000000000346, 3.8003207610785585
692.4000000000347, 3.8003207610785585
692.6000000000347, 3.8003207610785585
692.8000000000347, 3.8003207610785585
693.0000000000348, 3.8003207610785585
693.2000000000348, 3.8003207610785585
693.4000000000349, 3.8003207610785585
693.6000000000349, 3.8003207610785585
693.800000000035, 3.8003207610785585
694.000000000035, 3.8003207610785585
694.2000000000351, 3.8003207610785585
694.4000000000351, 3.7925568849725253
694.6000000000352, 3.7925568849725253
694.8000000000352, 3.7925568849725253
695.0000000000352, 3.7925568849725253
695.2000000000353, 3.7925568849725253
695.4000000000353, 3.7925568849725253
695.6000000000354, 3.7925568849725253
695.8000000000354, 3.7925568849725253
696.0000000000355, 3.7925568849725253
696.2000000000355, 3.7925568849725253
696.4000000000356, 3.7925568849725253
696.6000000000356, 3.7925568849725253
696.8000000000357, 3.7925568849725253
697.0000000000357, 3.7925568849725253
697.2000000000357, 3.7925568849725253
697.4000000000358, 3.7925568849725253
697.6000000000358, 3.7925568849725253
697.8000000000359, 3.7925568849725253
698.0000000000359, 3.784793008866492
698.200000000036, 3.784793008866492
698.400000000036, 3.784793008866492
698.6000000000361, 3.784793008866492
698.8000000000361, 3.784793008866492
699.0000000000362, 3.784793008866492
699.2000000000362, 3.784793008866492
699.4000000000362, 3.784793008866492
699.6000000000363, 3.784793008866492
699.8000000000363, 3.784793008866492
700.0000000000364, 3.784793008866492
700.2000000000364, 3.784793008866492
700.4000000000365, 3.784793008866492
700.6000000000365, 3.784793008866492
700.8000000000366, 3.784793008866492
701.0000000000366, 3.784793008866492
701.2000000000367, 3.784793008866492
701.4000000000367, 3.784793008866492
701.6000000000367, 3.784793008866492
701.8000000000368, 3.7770291327604584
702.0000000000368, 3.7770291327604584
702.2000000000369, 3.7770291327604584
702.4000000000369, 3.7770291327604584
702.600000000037, 3.7770291327604584
702.800000000037, 3.7770291327604584
703.0000000000371, 3.7770291327604584
703.2000000000371, 3.7770291327604584
703.4000000000372, 3.7770291327604584
703.6000000000372, 3.7770291327604584
703.8000000000372, 3.7770291327604584
704.0000000000373, 3.7770291327604584
704.2000000000373, 3.7770291327604584
704.4000000000374, 3.7770291327604584
704.6000000000374, 3.7770291327604584
704.8000000000375, 3.769265256654425
705.0000000000375, 3.769265256654425
705.2000000000376, 3.769265256654425
705.4000000000376, 3.769265256654425
705.6000000000377, 3.769265256654425
705.8000000000377, 3.769265256654425
706.0000000000377, 3.769265256654425
706.2000000000378, 3.769265256654425
706.4000000000378, 3.769265256654425
706.6000000000379, 3.769265256654425
706.8000000000379, 3.769265256654425
707.000000000038, 3.769265256654425
707.200000000038, 3.769265256654425
707.4000000000381, 3.769265256654425
707.6000000000381, 3.769265256654425
707.8000000000382, 3.769265256654425
708.0000000000382, 3.769265256654425
708.2000000000382, 3.753737504442358
708.4000000000383, 3.753737504442358
708.6000000000383, 3.7615013805483914
708.8000000000384, 3.7615013805483914
709.0000000000384, 3.7615013805483914
709.2000000000385, 3.7615013805483914
709.4000000000385, 3.7615013805483914
709.6000000000386, 3.7615013805483914
709.8000000000386, 3.7615013805483914
710.0000000000387, 3.7615013805483914
710.2000000000387, 3.7615013805483914
710.4000000000387, 3.7615013805483914
710.6000000000388, 3.7615013805483914
710.8000000000388, 3.7615013805483914
711.0000000000389, 3.7615013805483914
711.2000000000389, 3.7615013805483914
711.400000000039, 3.7615013805483914
711.600000000039, 3.7615013805483914
711.8000000000391, 3.7615013805483914
712.0000000000391, 3.7459736283363245
712.2000000000392, 3.7459736283363245
712.4000000000392, 3.7459736283363245
712.6000000000392, 3.753737504442358
712.8000000000393, 3.753737504442358
713.0000000000393, 3.753737504442358
713.2000000000394, 3.753737504442358
713.4000000000394, 3.753737504442358
713.6000000000395, 3.753737504442358
713.8000000000395, 3.753737504442358
714.0000000000396, 3.753737504442358
714.2000000000396, 3.753737504442358
714.4000000000397, 3.753737504442358
714.6000000000397, 3.753737504442358
714.8000000000397, 3.753737504442358
715.0000000000398, 3.753737504442358
715.2000000000398, 3.753737504442358
715.4000000000399, 3.753737504442358
715.6000000000399, 3.753737504442358
715.80000000004, 3.753737504442358
716.00000000004, 3.753737504442358
716.2000000000401, 3.753737504442358
716.4000000000401, 3.7459736283363245
716.6000000000402, 3.7459736283363245
716.8000000000402, 3.7459736283363245
717.0000000000402, 3.7459736283363245
717.2000000000403, 3.7459736283363245
717.4000000000403, 3.7459736283363245
717.6000000000404, 3.7459736283363245
717.8000000000404, 3.7459736283363245
718.0000000000405, 3.7459736283363245
718.2000000000405, 3.7459736283363245
718.4000000000406, 3.7459736283363245
718.6000000000406, 3.7459736283363245
718.8000000000407, 3.7459736283363245
719.0000000000407, 3.7459736283363245
719.2000000000407, 3.7459736283363245
719.4000000000408, 3.7382097522302913
719.6000000000408, 3.7382097522302913
719.8000000000409, 3.7382097522302913
720.0000000000409, 3.7382097522302913
720.200000000041, 3.7382097522302913
720.400000000041, 3.7382097522302913
720.6000000000411, 3.7382097522302913
720.8000000000411, 3.7382097522302913
721.0000000000412, 3.7382097522302913
721.2000000000412, 3.7382097522302913
721.4000000000412, 3.7382097522302913
721.6000000000413, 3.7382097522302913
721.8000000000413, 3.7382097522302913
722.0000000000414, 3.7382097522302913
722.2000000000414, 3.7382097522302913
722.4000000000415, 3.7382097522302913
722.6000000000415, 3.7382097522302913
722.8000000000416, 3.7382097522302913
723.0000000000416, 3.7382097522302913
723.2000000000417, 3.7382097522302913
723.4000000000417, 3.7382097522302913
723.6000000000417, 3.7382097522302913
723.8000000000418, 3.730445876124258
724.0000000000418, 3.730445876124258
724.2000000000419, 3.730445876124258
724.4000000000419, 3.730445876124258
724.600000000042, 3.730445876124258
724.800000000042, 3.730445876124258
725.0000000000421, 3.730445876124258
725.2000000000421, 3.730445876124258
725.4000000000422, 3.730445876124258
725.6000000000422, 3.730445876124258
725.8000000000422, 3.730445876124258
726.0000000000423, 3.730445876124258
726.2000000000423, 3.730445876124258
726.4000000000424, 3.730445876124258
726.6000000000424, 3.730445876124258
726.8000000000425, 3.730445876124258
727.0000000000425, 3.730445876124258
727.2000000000426, 3.730445876124258
727.4000000000426, 3.730445876124258
727.6000000000427, 3.7226820000182244
727.8000000000427, 3.7226820000182244
728.0000000000427, 3.7226820000182244
728.2000000000428, 3.7226820000182244
728.4000000000428, 3.7226820000182244
728.6000000000429, 3.7226820000182244
728.8000000000429, 3.7226820000182244
729.000000000043, 3.7226820000182244
729.200000000043, 3.7226820000182244
729.4000000000431, 3.7226820000182244
729.6000000000431, 3.7226820000182244
729.8000000000432, 3.7226820000182244
730.0000000000432, 3.7226820000182244
730.2000000000432, 3.7226820000182244
730.4000000000433, 3.7226820000182244
730.6000000000433, 3.7226820000182244
730.8000000000434, 3.7226820000182244
731.0000000000434, 3.7226820000182244
731.2000000000435, 3.7226820000182244
731.4000000000435, 3.7226820000182244
731.6000000000436, 3.7226820000182244
731.8000000000436, 3.7226820000182244
732.0000000000437, 3.7149181239121916
732.2000000000437, 3.7149181239121916
732.4000000000437, 3.7149181239121916
732.6000000000438, 3.7149181239121916
732.8000000000438, 3.7149181239121916
733.0000000000439, 3.7149181239121916
733.2000000000439, 3.7149181239121916
733.400000000044, 3.7149181239121916
733.600000000044, 3.7149181239121916
733.8000000000441, 3.7149181239121916
734.0000000000441, 3.7149181239121916
734.2000000000442, 3.7149181239121916
734.4000000000442, 3.7149181239121916
734.6000000000442, 3.7149181239121916
734.8000000000443, 3.7149181239121916
735.0000000000443, 3.7149181239121916
735.2000000000444, 3.7149181239121916
735.4000000000444, 3.699390371700124
735.6000000000445, 3.699390371700124
735.8000000000445, 3.707154247806158
736.0000000000446, 3.707154247806158
736.2000000000446, 3.707154247806158
736.4000000000447, 3.707154247806158
736.6000000000447, 3.707154247806158
736.8000000000447, 3.707154247806158
737.0000000000448, 3.707154247806158
737.2000000000448, 3.707154247806158
737.4000000000449, 3.707154247806158
737.6000000000449, 3.707154247806158
737.800000000045, 3.707154247806158
738.000000000045, 3.707154247806158
738.2000000000451, 3.707154247806158
738.4000000000451, 3.707154247806158
738.6000000000452, 3.707154247806158
738.8000000000452, 3.707154247806158
739.0000000000452, 3.707154247806158
739.2000000000453, 3.707154247806158
739.4000000000453, 3.707154247806158
739.6000000000454, 3.707154247806158
739.8000000000454, 3.707154247806158
740.0000000000455, 3.707154247806158
740.2000000000455, 3.699390371700124
740.4000000000456, 3.699390371700124
740.6000000000456, 3.699390371700124
740.8000000000457, 3.699390371700124
741.0000000000457, 3.699390371700124
741.2000000000457, 3.699390371700124
741.4000000000458, 3.699390371700124
741.6000000000458, 3.699390371700124
741.8000000000459, 3.699390371700124
742.0000000000459, 3.699390371700124
742.200000000046, 3.699390371700124
742.400000000046, 3.699390371700124
742.6000000000461, 3.699390371700124
742.8000000000461, 3.699390371700124
743.0000000000462, 3.699390371700124
743.2000000000462, 3.699390371700124
743.4000000000462, 3.699390371700124
743.6000000000463, 3.699390371700124
743.8000000000463, 3.699390371700124
744.0000000000464, 3.699390371700124
744.2000000000464, 3.699390371700124
744.4000000000465, 3.699390371700124
744.6000000000465, 3.699390371700124
744.8000000000466, 3.699390371700124
745.0000000000466, 3.699390371700124
745.2000000000467, 3.6916264955940914
745.4000000000467, 3.6916264955940914
745.6000000000467, 3.6916264955940914
745.8000000000468, 3.6916264955940914
746.0000000000468, 3.6916264955940914
746.2000000000469, 3.6916264955940914
746.4000000000469, 3.6916264955940914
746.600000000047, 3.6916264955940914
746.800000000047, 3.6916264955940914
747.0000000000471, 3.6916264955940914
747.2000000000471, 3.6916264955940914
747.4000000000472, 3.6916264955940914
747.6000000000472, 3.6916264955940914
747.8000000000472, 3.6916264955940914
748.0000000000473, 3.6916264955940914
748.2000000000473, 3.6916264955940914
748.4000000000474, 3.6916264955940914
748.6000000000474, 3.676098743382024
748.8000000000475, 3.676098743382024
749.0000000000475, 3.6838626194880577
749.2000000000476, 3.6838626194880577
749.4000000000476, 3.6838626194880577
749.6000000000477, 3.6838626194880577
749.8000000000477, 3.6838626194880577
750.0000000000477, 3.6838626194880577
750.2000000000478, 3.6838626194880577
750.4000000000478, 3.6838626194880577
750.6000000000479, 3.6838626194880577
750.8000000000479, 3.6838626194880577
751.000000000048, 3.6838626194880577
751.200000000048, 3.6838626194880577
751.4000000000481, 3.6838626194880577
751.6000000000481, 3.6838626194880577
751.8000000000482, 3.6838626194880577
752.0000000000482, 3.6838626194880577
752.2000000000482, 3.6838626194880577
752.4000000000483, 3.6838626194880577
752.6000000000483, 3.6838626194880577
752.8000000000484, 3.6838626194880577
753.0000000000484, 3.6838626194880577
753.2000000000485, 3.6838626194880577
753.4000000000485, 3.668334867275991
753.6000000000486, 3.668334867275991
753.8000000000486, 3.676098743382024
754.0000000000487, 3.676098743382024
754.2000000000487, 3.676098743382024
754.4000000000487, 3.676098743382024
754.6000000000488, 3.676098743382024
754.8000000000488, 3.676098743382024
755.0000000000489, 3.676098743382024
755.2000000000489, 3.676098743382024
755.400000000049, 3.676098743382024
755.600000000049, 3.676098743382024
755.8000000000491, 3.676098743382024
756.0000000000491, 3.676098743382024
756.2000000000492, 3.676098743382024
756.4000000000492, 3.676098743382024
756.6000000000492, 3.676098743382024
756.8000000000493, 3.676098743382024
757.0000000000493, 3.676098743382024
757.2000000000494, 3.676098743382024
757.4000000000494, 3.676098743382024
757.6000000000495, 3.676098743382024
757.8000000000495, 3.676098743382024
758.0000000000496, 3.676098743382024
758.2000000000496, 3.676098743382024
758.4000000000497, 3.676098743382024
758.6000000000497, 3.676098743382024
758.8000000000497, 3.676098743382024
759.0000000000498, 3.676098743382024
759.2000000000498, 3.668334867275991
759.4000000000499, 3.668334867275991
759.6000000000499, 3.668334867275991
759.80000000005, 3.668334867275991
760.00000000005, 3.668334867275991
760.2000000000501, 3.668334867275991
760.4000000000501, 3.668334867275991
760.6000000000502, 3.668334867275991
760.8000000000502, 3.668334867275991
761.0000000000502, 3.668334867275991
761.2000000000503, 3.668334867275991
761.4000000000503, 3.668334867275991
761.6000000000504, 3.668334867275991
761.8000000000504, 3.668334867275991
762.0000000000505, 3.668334867275991
762.2000000000505, 3.668334867275991
762.4000000000506, 3.668334867275991
762.6000000000506, 3.668334867275991
762.8000000000507, 3.668334867275991
763.0000000000507, 3.668334867275991
763.2000000000507, 3.668334867275991
763.4000000000508, 3.668334867275991
763.6000000000508, 3.668334867275991
763.8000000000509, 3.668334867275991
764.0000000000509, 3.668334867275991
764.200000000051, 3.652807115063924
764.400000000051, 3.652807115063924
764.6000000000511, 3.6605709911699575
764.8000000000511, 3.6605709911699575
765.0000000000512, 3.6605709911699575
765.2000000000512, 3.6605709911699575
765.4000000000513, 3.6605709911699575
765.6000000000513, 3.6605709911699575
765.8000000000513, 3.6605709911699575
766.0000000000514, 3.6605709911699575
766.2000000000514, 3.6605709911699575
766.4000000000515, 3.6605709911699575
766.6000000000515, 3.6605709911699575
766.8000000000516, 3.6605709911699575
767.0000000000516, 3.6605709911699575
767.2000000000517, 3.6605709911699575
767.4000000000517, 3.6605709911699575
767.6000000000518, 3.6605709911699575
767.8000000000518, 3.6605709911699575
768.0000000000518, 3.6605709911699575
768.2000000000519, 3.6605709911699575
768.4000000000519, 3.6605709911699575
768.600000000052, 3.6605709911699575
768.800000000052, 3.6605709911699575
769.0000000000521, 3.6450432389578906
769.2000000000521, 3.6450432389578906
769.4000000000522, 3.652807115063924
769.6000000000522, 3.652807115063924
769.8000000000523, 3.652807115063924
770.0000000000523, 3.652807115063924
770.2000000000523, 3.652807115063924
770.4000000000524, 3.652807115063924
770.6000000000524, 3.652807115063924
770.8000000000525, 3.652807115063924
771.0000000000525, 3.652807115063924
771.2000000000526, 3.652807115063924
771.4000000000526, 3.652807115063924
771.6000000000527, 3.652807115063924
771.8000000000527, 3.652807115063924
772.0000000000528, 3.652807115063924
772.2000000000528, 3.652807115063924
772.4000000000528, 3.652807115063924
772.6000000000529, 3.652807115063924
772.8000000000529, 3.652807115063924
773.000000000053, 3.652807115063924
773.200000000053, 3.652807115063924
773.4000000000531, 3.652807115063924
773.6000000000531, 3.652807115063924
773.8000000000532, 3.637279362851857
774.0000000000532, 3.637279362851857
774.2000000000533, 3.637279362851857
774.4000000000533, 3.6450432389578906
774.6000000000533, 3.6450432389578906
774.8000000000534, 3.6450432389578906
775.0000000000534, 3.6450432389578906
775.2000000000535, 3.6450432389578906
775.4000000000535, 3.6450432389578906
775.6000000000536, 3.6450432389578906
775.8000000000536, 3.6450432389578906
776.0000000000537, 3.6450432389578906
776.2000000000537, 3.6450432389578906
776.4000000000538, 3.6450432389578906
776.6000000000538, 3.6450432389578906
776.8000000000538, 3.6450432389578906
777.0000000000539, 3.6450432389578906
777.2000000000539, 3.6450432389578906
777.400000000054, 3.6450432389578906
777.600000000054, 3.6450432389578906
777.8000000000541, 3.6450432389578906
778.0000000000541, 3.6450432389578906
778.2000000000542, 3.6450432389578906
778.4000000000542, 3.6450432389578906
778.6000000000543, 3.6450432389578906
778.8000000000543, 3.6450432389578906
779.0000000000543, 3.6450432389578906
779.2000000000544, 3.6450432389578906
779.4000000000544, 3.6450432389578906
779.6000000000545, 3.6450432389578906
779.8000000000545, 3.6450432389578906
780.0000000000546, 3.6450432389578906
780.2000000000546, 3.637279362851857
780.4000000000547, 3.637279362851857
780.6000000000547, 3.637279362851857
780.8000000000548, 3.637279362851857
781.0000000000548, 3.637279362851857
781.2000000000548, 3.637279362851857
781.4000000000549, 3.637279362851857
781.6000000000549, 3.637279362851857
781.800000000055, 3.637279362851857
782.000000000055, 3.637279362851857
782.2000000000551, 3.637279362851857
782.4000000000551, 3.637279362851857
782.6000000000552, 3.637279362851857
782.8000000000552, 3.637279362851857
783.0000000000553, 3.637279362851857
783.2000000000553, 3.637279362851857
783.4000000000553, 3.637279362851857
783.6000000000554, 3.637279362851857
783.8000000000554, 3.637279362851857
784.0000000000555, 3.637279362851857
784.2000000000555, 3.637279362851857
784.4000000000556, 3.637279362851857
784.6000000000556, 3.637279362851857
784.8000000000557, 3.637279362851857
785.0000000000557, 3.637279362851857
785.2000000000558, 3.637279362851857
785.4000000000558, 3.637279362851857
785.6000000000558, 3.6295154867458237
785.8000000000559, 3.6295154867458237
786.0000000000559, 3.6295154867458237
786.2000000000559, 3.6295154867458237
786.400000000056, 3.6295154867458237
786.6000000000561, 3.6295154867458237
786.8000000000561, 3.6295154867458237
787.0000000000562, 3.6295154867458237
787.2000000000562, 3.6295154867458237
787.4000000000563, 3.6295154867458237
787.6000000000563, 3.6295154867458237
787.8000000000563, 3.6295154867458237
788.0000000000564, 3.6295154867458237
788.2000000000564, 3.6295154867458237
788.4000000000565, 3.6295154867458237
788.6000000000565, 3.6295154867458237
788.8000000000566, 3.6295154867458237
789.0000000000566, 3.6295154867458237
789.2000000000567, 3.6295154867458237
789.4000000000567, 3.6295154867458237
789.6000000000568, 3.6295154867458237
789.8000000000568, 3.6295154867458237
790.0000000000568, 3.6295154867458237
790.2000000000569, 3.6295154867458237
790.4000000000569, 3.6295154867458237
790.600000000057, 3.6295154867458237
790.800000000057, 3.6295154867458237
791.0000000000571, 3.6295154867458237
791.2000000000571, 3.6295154867458237
791.4000000000572, 3.6295154867458237
791.6000000000572, 3.6295154867458237
791.8000000000573, 3.6295154867458237
792.0000000000573, 3.6295154867458237
792.2000000000573, 3.6295154867458237
792.4000000000574, 3.62175161063979
792.6000000000574, 3.62175161063979
792.8000000000575, 3.62175161063979
793.0000000000575, 3.62175161063979
793.2000000000576, 3.62175161063979
793.4000000000576, 3.62175161063979
793.6000000000577, 3.62175161063979
793.8000000000577, 3.62175161063979
794.0000000000578, 3.62175161063979
794.2000000000578, 3.62175161063979
794.4000000000578, 3.62175161063979
794.6000000000579, 3.62175161063979
794.8000000000579, 3.62175161063979
795.000000000058, 3.62175161063979
795.200000000058, 3.62175161063979
795.4000000000581, 3.62175161063979
795.6000000000581, 3.62175161063979
795.8000000000582, 3.62175161063979
796.0000000000581, 3.62175161063979
796.2000000000583, 3.62175161063979
796.4000000000583, 3.62175161063979
796.6000000000583, 3.62175161063979
796.8000000000584, 3.62175161063979
797.0000000000584, 3.62175161063979
797.2000000000585, 3.62175161063979
797.4000000000585, 3.62175161063979
797.6000000000586, 3.62175161063979
797.8000000000586, 3.62175161063979
798.0000000000587, 3.62175161063979
798.2000000000587, 3.6139877345337568
798.4000000000588, 3.6139877345337568
798.6000000000588, 3.6139877345337568
798.8000000000588, 3.6139877345337568
799.0000000000589, 3.6139877345337568
799.2000000000589, 3.6139877345337568
799.400000000059, 3.6139877345337568
799.600000000059, 3.6139877345337568
799.8000000000591, 3.6139877345337568
800.0000000000591, 3.6139877345337568
800.2000000000592, 3.6139877345337568
800.4000000000592, 3.6139877345337568
800.6000000000593, 3.6139877345337568
800.8000000000593, 3.6139877345337568
801.0000000000593, 3.6139877345337568
801.2000000000594, 3.6139877345337568
801.4000000000594, 3.6139877345337568
801.6000000000595, 3.6139877345337568
801.8000000000595, 3.6139877345337568
802.0000000000596, 3.6139877345337568
802.2000000000596, 3.6139877345337568
802.4000000000597, 3.6139877345337568
802.6000000000597, 3.6139877345337568
802.8000000000598, 3.6139877345337568
803.0000000000598, 3.6139877345337568
803.2000000000598, 3.6139877345337568
803.4000000000599, 3.6139877345337568
803.6000000000599, 3.6139877345337568
803.80000000006, 3.6139877345337568
804.00000000006, 3.6139877345337568
804.2000000000601, 3.6139877345337568
804.4000000000601, 3.6139877345337568
804.6000000000602, 3.6139877345337568
804.8000000000602, 3.6139877345337568
805.0000000000603, 3.6139877345337568
805.2000000000603, 3.6139877345337568
805.4000000000603, 3.59845998232169
805.6000000000604, 3.59845998232169
805.8000000000603, 3.59845998232169
806.0000000000604, 3.6062238584277235
806.2000000000605, 3.6062238584277235
806.4000000000606, 3.6062238584277235
806.6000000000606, 3.6062238584277235
806.8000000000607, 3.6062238584277235
807.0000000000607, 3.6062238584277235
807.2000000000608, 3.6062238584277235
807.4000000000608, 3.6062238584277235
807.6000000000608, 3.6062238584277235
807.8000000000609, 3.6062238584277235
808.0000000000609, 3.6062238584277235
808.200000000061, 3.6062238584277235
808.400000000061, 3.6062238584277235
808.6000000000611, 3.6062238584277235
808.8000000000611, 3.6062238584277235
809.0000000000612, 3.6062238584277235
809.2000000000612, 3.6062238584277235
809.4000000000613, 3.6062238584277235
809.6000000000613, 3.6062238584277235
809.8000000000613, 3.6062238584277235
810.0000000000614, 3.6062238584277235
810.2000000000614, 3.6062238584277235
810.4000000000615, 3.6062238584277235
810.6000000000615, 3.6062238584277235
810.8000000000616, 3.6062238584277235
811.0000000000616, 3.6062238584277235
811.2000000000617, 3.6062238584277235
811.4000000000617, 3.590696106215657
811.6000000000618, 3.590696106215657
811.8000000000618, 3.59845998232169
812.0000000000618, 3.59845998232169
812.2000000000619, 3.59845998232169
812.4000000000619, 3.59845998232169
812.600000000062, 3.59845998232169
812.800000000062, 3.59845998232169
813.0000000000621, 3.59845998232169
813.2000000000621, 3.59845998232169
813.4000000000622, 3.59845998232169
813.6000000000622, 3.59845998232169
813.8000000000623, 3.59845998232169
814.0000000000623, 3.59845998232169
814.2000000000623, 3.59845998232169
814.4000000000624, 3.59845998232169
814.6000000000624, 3.59845998232169
814.8000000000625, 3.59845998232169
815.0000000000625, 3.59845998232169
815.2000000000626, 3.59845998232169
815.4000000000626, 3.59845998232169
815.6000000000626, 3.59845998232169
815.8000000000626, 3.59845998232169
816.0000000000626, 3.59845998232169
816.2000000000628, 3.59845998232169
816.4000000000628, 3.59845998232169
816.6000000000629, 3.59845998232169
816.8000000000629, 3.59845998232169
817.000000000063, 3.59845998232169
817.200000000063, 3.59845998232169
817.4000000000631, 3.59845998232169
817.6000000000631, 3.59845998232169
817.8000000000632, 3.59845998232169
818.0000000000632, 3.59845998232169
818.2000000000633, 3.59845998232169
818.4000000000633, 3.59845998232169
818.6000000000633, 3.5829322301096234
818.8000000000634, 3.5829322301096234
819.0000000000634, 3.5829322301096234
819.2000000000635, 3.590696106215657
819.4000000000635, 3.590696106215657
819.6000000000636, 3.590696106215657
819.8000000000636, 3.590696106215657
820.0000000000637, 3.590696106215657
820.2000000000637, 3.590696106215657
820.4000000000638, 3.590696106215657
820.6000000000638, 3.590696106215657
820.8000000000638, 3.590696106215657
821.0000000000639, 3.590696106215657
821.2000000000639, 3.590696106215657
821.400000000064, 3.590696106215657
821.600000000064, 3.590696106215657
821.8000000000641, 3.590696106215657
822.0000000000641, 3.590696106215657
822.2000000000642, 3.590696106215657
822.4000000000642, 3.590696106215657
822.6000000000643, 3.590696106215657
822.8000000000643, 3.590696106215657
823.0000000000643, 3.590696106215657
823.2000000000644, 3.590696106215657
823.4000000000644, 3.590696106215657
823.6000000000645, 3.590696106215657
823.8000000000645, 3.590696106215657
824.0000000000646, 3.590696106215657
824.2000000000646, 3.590696106215657
824.4000000000647, 3.590696106215657
824.6000000000647, 3.590696106215657
824.8000000000648, 3.590696106215657
825.0000000000648, 3.590696106215657
825.2000000000647, 3.590696106215657
825.4000000000648, 3.590696106215657
825.6000000000648, 3.590696106215657
825.8000000000649, 3.590696106215657
826.0000000000649, 3.590696106215657
826.2000000000651, 3.590696106215657
826.4000000000651, 3.5829322301096234
826.6000000000652, 3.5829322301096234
826.8000000000652, 3.5829322301096234
827.0000000000653, 3.5829322301096234
827.2000000000653, 3.5829322301096234
827.4000000000653, 3.5829322301096234
827.6000000000654, 3.5829322301096234
827.8000000000654, 3.5829322301096234
828.0000000000655, 3.5829322301096234
828.2000000000655, 3.5829322301096234
828.4000000000656, 3.5829322301096234
828.6000000000656, 3.5829322301096234
828.8000000000657, 3.5829322301096234
829.0000000000657, 3.5829322301096234
829.2000000000658, 3.5829322301096234
829.4000000000658, 3.5829322301096234
829.6000000000658, 3.5829322301096234
829.8000000000659, 3.5829322301096234
830.0000000000659, 3.5829322301096234
830.200000000066, 3.5829322301096234
830.400000000066, 3.5829322301096234
830.6000000000661, 3.5829322301096234
830.8000000000661, 3.5829322301096234
831.0000000000662, 3.5829322301096234
831.2000000000662, 3.5829322301096234
831.4000000000663, 3.5829322301096234
831.6000000000663, 3.5829322301096234
831.8000000000663, 3.5829322301096234
832.0000000000664, 3.5829322301096234
832.2000000000664, 3.5829322301096234
832.4000000000665, 3.5829322301096234
832.6000000000665, 3.5829322301096234
832.8000000000666, 3.5829322301096234
833.0000000000666, 3.5829322301096234
833.2000000000667, 3.5829322301096234
833.4000000000667, 3.5829322301096234
833.6000000000668, 3.5829322301096234
833.8000000000668, 3.5829322301096234
834.0000000000668, 3.5829322301096234
834.2000000000669, 3.5751683540035897
834.4000000000669, 3.5751683540035897
834.600000000067, 3.5751683540035897
834.800000000067, 3.5751683540035897
835.000000000067, 3.5751683540035897
835.200000000067, 3.5751683540035897
835.400000000067, 3.5751683540035897
835.6000000000671, 3.5751683540035897
835.8000000000671, 3.5751683540035897
836.0000000000672, 3.5751683540035897
836.2000000000673, 3.5751683540035897
836.4000000000674, 3.5751683540035897
836.6000000000674, 3.5751683540035897
836.8000000000675, 3.5751683540035897
837.0000000000675, 3.5751683540035897
837.2000000000676, 3.5751683540035897
837.4000000000676, 3.5751683540035897
837.6000000000677, 3.5751683540035897
837.8000000000677, 3.5751683540035897
838.0000000000678, 3.5751683540035897
838.2000000000678, 3.5751683540035897
838.4000000000678, 3.5751683540035897
838.6000000000679, 3.5751683540035897
838.8000000000679, 3.5751683540035897
839.000000000068, 3.5751683540035897
839.200000000068, 3.5751683540035897
839.4000000000681, 3.5751683540035897
839.6000000000681, 3.5751683540035897
839.8000000000682, 3.5751683540035897
840.0000000000682, 3.5751683540035897
840.2000000000683, 3.5751683540035897
840.4000000000683, 3.5751683540035897
840.6000000000683, 3.5751683540035897
840.8000000000684, 3.5751683540035897
841.0000000000684, 3.5751683540035897
841.2000000000685, 3.5751683540035897
841.4000000000685, 3.5751683540035897
841.6000000000686, 3.5751683540035897
841.8000000000686, 3.5751683540035897
842.0000000000687, 3.567404477897557
842.2000000000687, 3.567404477897557
842.4000000000688, 3.567404477897557
842.6000000000688, 3.567404477897557
842.8000000000688, 3.567404477897557
843.0000000000689, 3.567404477897557
843.2000000000689, 3.567404477897557
843.400000000069, 3.567404477897557
843.600000000069, 3.567404477897557
843.8000000000691, 3.567404477897557
844.0000000000691, 3.567404477897557
844.2000000000692, 3.567404477897557
844.4000000000692, 3.567404477897557
844.6000000000693, 3.567404477897557
844.8000000000692, 3.567404477897557
845.0000000000692, 3.567404477897557
845.2000000000693, 3.567404477897557
845.4000000000693, 3.567404477897557
845.6000000000694, 3.567404477897557
845.8000000000694, 3.567404477897557
846.0000000000695, 3.567404477897557
846.2000000000696, 3.567404477897557
846.4000000000697, 3.567404477897557
846.6000000000697, 3.567404477897557
846.8000000000698, 3.567404477897557
847.0000000000698, 3.567404477897557
847.2000000000698, 3.567404477897557
847.4000000000699, 3.567404477897557
847.6000000000699, 3.567404477897557
847.80000000007, 3.567404477897557
848.00000000007, 3.567404477897557
848.2000000000701, 3.567404477897557
848.4000000000701, 3.567404477897557
848.6000000000702, 3.567404477897557
848.8000000000702, 3.567404477897557
849.0000000000703, 3.567404477897557
849.2000000000703, 3.567404477897557
849.4000000000703, 3.567404477897557
849.6000000000704, 3.567404477897557
849.8000000000704, 3.567404477897557
850.0000000000705, 3.567404477897557
850.2000000000705, 3.5518767256854895
850.4000000000706, 3.5518767256854895
850.6000000000706, 3.5518767256854895
850.8000000000707, 3.559640601791523
851.0000000000707, 3.559640601791523
851.2000000000708, 3.559640601791523
851.4000000000708, 3.559640601791523
851.6000000000708, 3.559640601791523
851.8000000000709, 3.559640601791523
852.0000000000709, 3.559640601791523
852.200000000071, 3.559640601791523
852.400000000071, 3.559640601791523
852.6000000000711, 3.559640601791523
852.8000000000711, 3.559640601791523
853.0000000000712, 3.559640601791523
853.2000000000712, 3.559640601791523
853.4000000000713, 3.559640601791523
853.6000000000713, 3.559640601791523
853.8000000000713, 3.559640601791523
854.0000000000714, 3.559640601791523
854.2000000000714, 3.559640601791523
854.4000000000715, 3.559640601791523
854.6000000000715, 3.559640601791523
854.8000000000716, 3.559640601791523
855.0000000000716, 3.559640601791523
855.2000000000717, 3.559640601791523
855.4000000000717, 3.559640601791523
855.6000000000718, 3.559640601791523
855.8000000000718, 3.559640601791523
856.0000000000719, 3.559640601791523
856.2000000000719, 3.559640601791523
856.4000000000719, 3.559640601791523
856.600000000072, 3.559640601791523
856.800000000072, 3.559640601791523
857.0000000000721, 3.559640601791523
857.2000000000721, 3.559640601791523
857.4000000000722, 3.559640601791523
857.6000000000722, 3.559640601791523
857.8000000000723, 3.559640601791523
858.0000000000723, 3.559640601791523
858.2000000000724, 3.559640601791523
858.4000000000724, 3.559640601791523
858.6000000000724, 3.559640601791523
858.8000000000725, 3.559640601791523
859.0000000000725, 3.559640601791523
859.2000000000726, 3.559640601791523
859.4000000000725, 3.559640601791523
859.6000000000726, 3.544112849579456
859.8000000000726, 3.544112849579456
860.0000000000726, 3.544112849579456
860.2000000000727, 3.544112849579456
860.4000000000727, 3.5518767256854895
860.6000000000728, 3.5518767256854895
860.8000000000728, 3.5518767256854895
861.0000000000729, 3.5518767256854895
861.2000000000729, 3.5518767256854895
861.400000000073, 3.5518767256854895
861.600000000073, 3.5518767256854895
861.800000000073, 3.5518767256854895
862.0000000000731, 3.5518767256854895
862.2000000000731, 3.5518767256854895
862.4000000000732, 3.5518767256854895
862.6000000000732, 3.5518767256854895
862.8000000000733, 3.5518767256854895
863.0000000000733, 3.5518767256854895
863.2000000000734, 3.5518767256854895
863.4000000000734, 3.5518767256854895
863.6000000000735, 3.5518767256854895
863.8000000000735, 3.5518767256854895
864.0000000000736, 3.5518767256854895
864.2000000000736, 3.5518767256854895
864.4000000000736, 3.5518767256854895
864.6000000000737, 3.5518767256854895
864.8000000000737, 3.5518767256854895
865.0000000000738, 3.5518767256854895
865.2000000000738, 3.5518767256854895
865.4000000000739, 3.5518767256854895
865.6000000000739, 3.5518767256854895
865.800000000074, 3.5518767256854895
866.000000000074, 3.5518767256854895
866.200000000074, 3.5518767256854895
866.4000000000741, 3.5518767256854895
866.6000000000741, 3.5518767256854895
866.8000000000742, 3.5518767256854895
867.0000000000742, 3.5518767256854895
867.2000000000743, 3.5518767256854895
867.4000000000743, 3.5518767256854895
867.6000000000744, 3.5518767256854895
867.8000000000744, 3.5518767256854895
868.0000000000745, 3.5518767256854895
868.2000000000745, 3.5518767256854895
868.4000000000746, 3.5518767256854895
868.6000000000746, 3.5518767256854895
868.8000000000746, 3.5518767256854895
869.0000000000747, 3.5518767256854895
869.2000000000747, 3.536348973473423
869.4000000000748, 3.536348973473423
869.6000000000748, 3.536348973473423
869.8000000000749, 3.536348973473423
870.0000000000749, 3.536348973473423
870.200000000075, 3.544112849579456
870.400000000075, 3.544112849579456
870.600000000075, 3.544112849579456
870.8000000000751, 3.544112849579456
871.0000000000751, 3.544112849579456
871.2000000000753, 3.544112849579456
871.4000000000754, 3.544112849579456
871.6000000000754, 3.544112849579456
871.8000000000754, 3.544112849579456
872.0000000000755, 3.544112849579456
872.2000000000755, 3.544112849579456
872.4000000000756, 3.544112849579456
872.6000000000756, 3.544112849579456
872.8000000000757, 3.544112849579456
873.0000000000757, 3.544112849579456
873.2000000000758, 3.544112849579456
873.4000000000758, 3.544112849579456
873.6000000000759, 3.544112849579456
873.8000000000759, 3.544112849579456
874.0000000000759, 3.544112849579456
874.200000000076, 3.544112849579456
874.400000000076, 3.544112849579456
874.6000000000761, 3.544112849579456
874.8000000000761, 3.544112849579456
875.0000000000762, 3.544112849579456
875.2000000000762, 3.544112849579456
875.4000000000763, 3.544112849579456
875.6000000000763, 3.544112849579456
875.8000000000764, 3.544112849579456
876.0000000000764, 3.544112849579456
876.2000000000764, 3.544112849579456
876.4000000000765, 3.544112849579456
876.6000000000765, 3.544112849579456
876.8000000000766, 3.544112849579456
877.0000000000766, 3.544112849579456
877.2000000000767, 3.544112849579456
877.4000000000767, 3.544112849579456
877.6000000000768, 3.544112849579456
877.8000000000768, 3.544112849579456
878.0000000000769, 3.544112849579456
878.2000000000769, 3.544112849579456
878.400000000077, 3.544112849579456
878.600000000077, 3.544112849579456
878.800000000077, 3.544112849579456
879.000000000077, 3.5285850973673893
879.200000000077, 3.5285850973673893
879.4000000000771, 3.536348973473423
879.6000000000771, 3.536348973473423
879.8000000000771, 3.536348973473423
880.0000000000772, 3.536348973473423
880.2000000000772, 3.536348973473423
880.4000000000773, 3.536348973473423
880.6000000000773, 3.536348973473423
880.8000000000774, 3.536348973473423
881.0000000000774, 3.536348973473423
881.2000000000775, 3.536348973473423
881.4000000000775, 3.536348973473423
881.6000000000776, 3.536348973473423
881.8000000000776, 3.536348973473423
882.0000000000776, 3.536348973473423
882.2000000000777, 3.536348973473423
882.4000000000777, 3.536348973473423
882.6000000000778, 3.536348973473423
882.8000000000778, 3.536348973473423
883.0000000000779, 3.536348973473423
883.2000000000779, 3.536348973473423
883.400000000078, 3.536348973473423
883.600000000078, 3.536348973473423
883.8000000000781, 3.536348973473423
884.0000000000781, 3.536348973473423
884.2000000000781, 3.536348973473423
884.4000000000782, 3.536348973473423
884.6000000000782, 3.536348973473423
884.8000000000783, 3.536348973473423
885.0000000000783, 3.536348973473423
885.2000000000784, 3.536348973473423
885.4000000000784, 3.536348973473423
885.6000000000785, 3.536348973473423
885.8000000000785, 3.536348973473423
886.0000000000786, 3.536348973473423
886.2000000000786, 3.536348973473423
886.4000000000786, 3.536348973473423
886.6000000000787, 3.536348973473423
886.8000000000787, 3.536348973473423
887.0000000000788, 3.536348973473423
887.2000000000788, 3.536348973473423
887.4000000000789, 3.536348973473423
887.6000000000789, 3.536348973473423
887.800000000079, 3.536348973473423
888.000000000079, 3.536348973473423
888.2000000000791, 3.536348973473423
888.4000000000791, 3.536348973473423
888.6000000000791, 3.536348973473423
888.8000000000792, 3.536348973473423
889.0000000000792, 3.536348973473423
889.2000000000793, 3.536348973473423
889.4000000000793, 3.536348973473423
889.6000000000794, 3.536348973473423
889.8000000000794, 3.5208212212613557
