4.50000000000000000000e+002 2.67218801273026290000e+000 7.57299256892717820000e-001
4.55050505050505020000e+002 2.66939742585365550000e+000 7.66289987146186680000e-001
4.60101010101010100000e+002 2.66660683897704810000e+000 7.75280717399655540000e-001
4.65151515151515130000e+002 2.66381625210044070000e+000 7.84271447653124400000e-001
4.70202020202020210000e+002 2.66102566522383330000e+000 7.93262177906593260000e-001
4.75252525252525230000e+002 2.65823507834722590000e+000 7.90393700476384460000e-001
4.80303030303030310000e+002 2.65544449147061860000e+000 7.87525223046175670000e-001
4.85353535353535340000e+002 2.65265390459401120000e+000 7.84656745615966880000e-001
4.90404040404040420000e+002 2.64986331771740380000e+000 7.81788268185758080000e-001
4.95454545454545440000e+002 2.64707273084079640000e+000 7.53219105227314720000e-001
5.00505050505050520000e+002 2.64428214396418900000e+000 7.24649942268871360000e-001
5.05555555555555540000e+002 2.64149155708758170000e+000 6.96080779310428000000e-001
5.10606060606060620000e+002 2.63870097021097430000e+000 6.67511616351984640000e-001
5.15656565656565590000e+002 2.63591038333436690000e+000 6.36157375912788310000e-001
5.20707070707070670000e+002 2.63311979645775950000e+000 6.04803135473591990000e-001
5.25757575757575750000e+002 2.63032920958115210000e+000 5.73448895034395670000e-001
5.30808080808080830000e+002 2.62753862270454470000e+000 5.42094654595199340000e-001
5.35858585858585910000e+002 2.62474803582793740000e+000 5.10740414156003020000e-001
5.40909090909090880000e+002 2.62195744895133000000e+000 4.86037598064336660000e-001
5.45959595959595960000e+002 2.61916686207472260000e+000 4.61334781972670250000e-001
5.51010101010101040000e+002 2.61637627519811520000e+000 4.36631965881003840000e-001
5.56060606060606010000e+002 2.61358568832150780000e+000 4.14977676742987970000e-001
5.61111111111111090000e+002 2.61079510144490050000e+000 3.96191843019753300000e-001
5.66161616161616170000e+002 2.60800451456829310000e+000 3.77406009296518630000e-001
5.71212121212121250000e+002 2.60521392769168570000e+000 3.58620175573283960000e-001
5.76262626262626210000e+002 2.60242334081507830000e+000 3.44652572670117400000e-001
5.81313131313131290000e+002 2.59963275393847090000e+000 3.30684969766950830000e-001
5.86363636363636370000e+002 2.59684216706186350000e+000 3.16717366863784270000e-001
5.91414141414141340000e+002 2.59405158018525620000e+000 3.04090153057997750000e-001
5.96464646464646420000e+002 2.59126099330864880000e+000 2.91462939252211230000e-001
6.01515151515151500000e+002 2.58847040643204140000e+000 2.85485059811793060000e-001
6.06565656565656580000e+002 2.58567981955543400000e+000 2.79507180371374900000e-001
6.11616161616161660000e+002 2.58288923267882660000e+000 2.73529300930956730000e-001
6.16666666666666630000e+002 2.58009864580221930000e+000 2.67551421490538570000e-001
6.21717171717171710000e+002 2.57730805892561190000e+000 2.61573542050120400000e-001
6.26767676767676790000e+002 2.57451747204900450000e+000 2.55595662609702230000e-001
6.31818181818181760000e+002 2.57172688517239710000e+000 2.49617783169284100000e-001
6.36868686868686840000e+002 2.56893629829578970000e+000 2.43639903728865960000e-001
6.41919191919191920000e+002 2.56614571141918240000e+000 2.37662024288447820000e-001
6.46969696969697000000e+002 2.56335512454257500000e+000 2.31684144848029680000e-001
6.52020202020202080000e+002 2.56056453766596760000e+000 2.25706265407611540000e-001
6.57070707070707040000e+002 2.55777395078936020000e+000 2.19728385967193410000e-001
6.62121212121212120000e+002 2.55498336391275280000e+000 2.13750506526775270000e-001
6.67171717171717090000e+002 2.55219277703614540000e+000 2.07772627086357130000e-001
6.72222222222222170000e+002 2.54940219015953810000e+000 2.01794747645938990000e-001
6.77272727272727250000e+002 2.54661160328293070000e+000 1.95816868205520860000e-001
6.82323232323232330000e+002 2.54382101640632330000e+000 1.89838988765102720000e-001
6.87373737373737410000e+002 2.54103042952971590000e+000 1.83861109324684580000e-001
6.92424242424242380000e+002 2.53823984265310850000e+000 1.77883229884266440000e-001
6.97474747474747460000e+002 2.53544925577650120000e+000 1.71905350443848300000e-001
7.02525252525252540000e+002 2.53265866889989380000e+000 1.65927471003430170000e-001
7.07575757575757510000e+002 2.52986808202328640000e+000 1.59949591563012030000e-001
7.12626262626262590000e+002 2.52707749514667900000e+000 1.53971712122593890000e-001
7.17676767676767670000e+002 2.52428690827007160000e+000 1.47993832682175750000e-001
7.22727272727272750000e+002 2.52149632139346420000e+000 1.42015953241757610000e-001
7.27777777777777830000e+002 2.51870573451685690000e+000 1.36038073801339480000e-001
7.32828282828282790000e+002 2.51591514764024950000e+000 1.30060194360921340000e-001
7.37878787878787880000e+002 2.51312456076364210000e+000 1.24082314920503200000e-001
7.42929292929292840000e+002 2.51033397388703470000e+000 1.18104435480085060000e-001
7.47979797979797920000e+002 2.50754338701042730000e+000 1.12126556039666920000e-001
7.53030303030303000000e+002 2.50475280013382000000e+000 1.06148676599248790000e-001
7.58080808080808080000e+002 2.50196221325721260000e+000 1.00170797158830650000e-001
7.63131313131313160000e+002 2.49917162638060520000e+000 9.41929177184125110000e-002
7.68181818181818240000e+002 2.49638103950399780000e+000 8.82150382779943730000e-002
7.73232323232323210000e+002 2.49359045262739040000e+000 8.22371588375762350000e-002
7.78282828282828180000e+002 2.49079986575078300000e+000 7.62592793971580970000e-002
7.83333333333333260000e+002 2.48800927887417570000e+000 7.02813999567399590000e-002
7.88383838383838340000e+002 2.48521869199756830000e+000 6.43035205163218220000e-002
7.93434343434343420000e+002 2.48242810512096090000e+000 5.83256410759036840000e-002
7.98484848484848500000e+002 2.47963751824435350000e+000 5.23477616354855460000e-002
8.03535353535353580000e+002 2.47684693136774610000e+000 4.63698821950674080000e-002
8.08585858585858550000e+002 2.47405634449113880000e+000 4.03920027546492700000e-002
8.13636363636363630000e+002 2.47126575761453140000e+000 3.44141233142311320000e-002
8.18686868686868590000e+002 2.46847517073792400000e+000 2.84362438738129940000e-002
8.23737373737373670000e+002 2.46568458386131660000e+000 2.24583644333948530000e-002
8.28787878787878750000e+002 2.46289399698470920000e+000 2.15797429352349060000e-002
8.33838383838383830000e+002 2.46010341010810190000e+000 2.07011214370749590000e-002
8.38888888888888910000e+002 2.45731282323149450000e+000 1.98224999389150120000e-002
8.43939393939393990000e+002 2.45452223635488710000e+000 1.89438784407550650000e-002
8.48989898989898960000e+002 2.45173164947827970000e+000 1.80652569425951180000e-002
8.54040404040404040000e+002 2.44894106260167230000e+000 1.80652569425951180000e-002
8.59090909090909010000e+002 2.44615047572506490000e+000 1.80652569425951180000e-002
8.64141414141414090000e+002 2.44335988884845760000e+000 1.80652569425951180000e-002
8.69191919191919170000e+002 2.44056930197185020000e+000 1.80652569425951180000e-002
8.74242424242424250000e+002 2.43777871509524280000e+000 1.80652569425951180000e-002
8.79292929292929330000e+002 2.43498812821863540000e+000 1.80652569425951180000e-002
8.84343434343434300000e+002 2.43219754134202800000e+000 1.80652569425951180000e-002
8.89393939393939380000e+002 2.42940695446542070000e+000 1.80652569425951180000e-002
8.94444444444444340000e+002 2.42661636758881330000e+000 1.80652569425951180000e-002
8.99494949494949420000e+002 2.42382578071220590000e+000 1.80652569425951180000e-002
9.04545454545454500000e+002 2.42103519383559850000e+000 1.80652569425951180000e-002
9.09595959595959580000e+002 2.41824460695899110000e+000 1.80652569425951180000e-002
9.14646464646464660000e+002 2.41545402008238370000e+000 1.80652569425951180000e-002
9.19696969696969750000e+002 2.41266343320577640000e+000 1.80652569425951180000e-002
9.24747474747474710000e+002 2.40987284632916900000e+000 1.80652569425951180000e-002
9.29797979797979790000e+002 2.40708225945256160000e+000 1.80652569425951180000e-002
9.34848484848484760000e+002 2.40429167257595420000e+000 1.80652569425951180000e-002
9.39898989898989840000e+002 2.40150108569934680000e+000 1.80652569425951180000e-002
9.44949494949494920000e+002 2.40150108569934680000e+000 1.80652569425951180000e-002
9.50000000000000000000e+002 2.40150108569934680000e+000 1.80652569425951180000e-002