4.50000000000000000000e+002 8.66192819889873430000e-002 2.29713823540650340000e-001
4.55050505050505020000e+002 8.68368133182087220000e-002 2.27649271734369500000e-001
4.60101010101010100000e+002 8.70562768511540100000e-002 2.25730260031370560000e-001
4.65151515151515130000e+002 8.72759766041389110000e-002 2.23967609854425540000e-001
4.70202020202020210000e+002 8.74943886197886160000e-002 2.22369997965901590000e-001
4.75252525252525230000e+002 9.05053523302316860000e-002 2.19460744648201890000e-001
4.80303030303030310000e+002 9.35669445145236730000e-002 2.16632869018262230000e-001
4.85353535353535340000e+002 9.66769741925059820000e-002 2.13902408758145370000e-001
4.90404040404040420000e+002 9.98330449266260770000e-002 2.11284232399195170000e-001
4.95454545454545440000e+002 1.10059421631742140000e-001 2.05214972319313150000e-001
5.00505050505050520000e+002 1.21156548308181550000e-001 1.99134764897448080000e-001
5.05555555555555540000e+002 1.33181919408483090000e-001 1.93076583030050010000e-001
5.10606060606060620000e+002 1.46194138641245860000e-001 1.87077513956255080000e-001
5.15656565656565590000e+002 1.61380406790523570000e-001 1.80759300327847790000e-001
5.20707070707070670000e+002 1.77882567905999460000e-001 1.74576804704165890000e-001
5.25757575757575750000e+002 1.95781982980130580000e-001 1.68586318531289640000e-001
5.30808080808080830000e+002 2.15158347982783020000e-001 1.62851165073821410000e-001
5.35858585858585910000e+002 2.36087798027918270000e-001 1.57442152512429020000e-001
5.40909090909090880000e+002 2.54433691432286780000e-001 1.53451381783389910000e-001
5.45959595959595960000e+002 2.73799714417323150000e-001 1.49908446512760060000e-001
5.51010101010101040000e+002 2.94188764331429760000e-001 1.46874696772469000000e-001
5.56060606060606010000e+002 3.13278698003805090000e-001 1.44834049747744440000e-001
5.61111111111111090000e+002 3.30816831199477520000e-001 1.43754554041025830000e-001
5.66161616161616170000e+002 3.48830326452908510000e-001 1.43254815918992860000e-001
5.71212121212121250000e+002 3.67279832140941230000e-001 1.43364357080791980000e-001
5.76262626262626210000e+002 3.81825155688626070000e-001 1.44587717145208570000e-001
5.81313131313131290000e+002 3.96442294174485340000e-001 1.46342406765393810000e-001
5.86363636363636370000e+002 4.11095836128691990000e-001 1.48626600603116890000e-001
5.91414141414141340000e+002 4.24477696052802830000e-001 1.51515161198817670000e-001
5.96464646464646420000e+002 4.37779624288483490000e-001 1.54878043258954850000e-001
6.01515151515151500000e+002 4.44514734947896510000e-001 1.58909158830299380000e-001
6.06565656565656580000e+002 4.51035585694315230000e-001 1.63188925608094340000e-001
6.11616161616161660000e+002 4.57343420302101680000e-001 1.67691201869599430000e-001
6.16666666666666630000e+002 4.63440808337634570000e-001 1.72390104811229270000e-001
6.21717171717171710000e+002 4.69331527620987180000e-001 1.77260244133892570000e-001
6.26767676767676790000e+002 4.75020441434752140000e-001 1.82276925689591780000e-001
6.31818181818181760000e+002 4.80513373284801760000e-001 1.87416324846462900000e-001
6.36868686868686840000e+002 4.85816981728604990000e-001 1.92655629996638630000e-001
6.41919191919191920000e+002 4.90938637462697500000e-001 1.97973157275940860000e-001
6.46969696969697000000e+002 4.95886304519353840000e-001 2.03348438081901670000e-001
6.52020202020202080000e+002 5.00668427078578390000e-001 2.08762281369009730000e-001
6.57070707070707040000e+002 5.05293823067792140000e-001 2.14196812974540430000e-001
6.62121212121212120000e+002 5.09771585407812310000e-001 2.19635494395739840000e-001
6.67171717171717090000e+002 5.14110991477065180000e-001 2.25063123512818070000e-001
6.72222222222222170000e+002 5.18321421111125220000e-001 2.30465819746756280000e-001
6.77272727272727250000e+002 5.22412283234094830000e-001 2.35830996071139050000e-001
6.82323232323232330000e+002 5.26392951032731760000e-001 2.41147320177531430000e-001
6.87373737373737410000e+002 5.30272705432787590000e-001 2.46404666937562360000e-001
6.92424242424242380000e+002 5.34060686517824570000e-001 2.51594064123811360000e-001
6.97474747474747460000e+002 5.37765852441193570000e-001 2.56707633156112950000e-001
7.02525252525252540000e+002 5.41396945318675220000e-001 2.61738526438541730000e-001
7.07575757575757510000e+002 5.44962463549135130000e-001 2.66680862652137030000e-001
7.12626262626262590000e+002 5.48470639989969260000e-001 2.71529661174687020000e-001
7.17676767676767670000e+002 5.51929425409718010000e-001 2.76280776615631940000e-001
7.22727272727272750000e+002 5.55346476648933440000e-001 2.80930834284131570000e-001
7.27777777777777830000e+002 5.58729148939256180000e-001 2.85477167253245510000e-001
7.32828282828282790000e+002 5.62084491857178790000e-001 2.89917755543919960000e-001
7.37878787878787880000e+002 5.65419248420906180000e-001 2.94251167829196470000e-001
7.42929292929292840000e+002 5.68739856874222680000e-001 2.98476505951468520000e-001
7.47979797979797920000e+002 5.72052454738718690000e-001 3.02593352452971530000e-001
7.53030303030303000000e+002 5.75362884753880200000e-001 3.06601721241038740000e-001
7.58080808080808080000e+002 5.78676702362421300000e-001 3.10502011443837820000e-001
7.63131313131313160000e+002 5.81999184435001980000e-001 3.14294964458111170000e-001
7.68181818181818240000e+002 5.85335338963610010000e-001 3.17981624146581150000e-001
7.73232323232323210000e+002 5.88689915485994590000e-001 3.21563300107963190000e-001
7.78282828282828180000e+002 5.92067416034300130000e-001 3.25041533915697570000e-001
7.83333333333333260000e+002 5.95472106429418830000e-001 3.28418068201527910000e-001
7.88383838383838340000e+002 5.98908027768400240000e-001 3.31694818445831370000e-001
7.93434343434343420000e+002 6.02379007975624710000e-001 3.34873847327234080000e-001
7.98484848484848500000e+002 6.05888673309397000000e-001 3.37957341478716530000e-001
8.03535353535353580000e+002 6.09440459734244540000e-001 3.40947590495348730000e-001
8.08585858585858550000e+002 6.13037624085710940000e-001 3.43846968039386080000e-001
8.13636363636363630000e+002 6.16683254968852010000e-001 3.46657914891131620000e-001
8.18686868686868590000e+002 6.20380283344296070000e-001 3.49382923798257750000e-001
8.23737373737373670000e+002 6.24131492766596740000e-001 3.52024525981788180000e-001
8.28787878787878750000e+002 6.24148107669113440000e-001 3.53048652987557000000e-001
8.33838383838383830000e+002 6.24244842132290030000e-001 3.53978343234529310000e-001
8.38888888888888910000e+002 6.24419645847724800000e-001 3.54816579620713500000e-001
8.43939393939393990000e+002 6.24670505908133220000e-001 3.55566257968037810000e-001
8.48989898989898960000e+002 6.24995448019635910000e-001 3.56230188300047550000e-001
8.54040404040404040000e+002 6.24753625793632030000e-001 3.56551637790917480000e-001
8.59090909090909010000e+002 6.24586305139463670000e-001 3.56794758518479080000e-001
8.64141414141414090000e+002 6.24491030648223200000e-001 3.56962185569585810000e-001
8.69191919191919170000e+002 6.24465422778977210000e-001 3.57056470020215400000e-001
8.74242424242424250000e+002 6.24507175651218720000e-001 3.57080081543413810000e-001
8.79292929292929330000e+002 6.24614054828056990000e-001 3.57035411006640880000e-001
8.84343434343434300000e+002 6.24783895104144450000e-001 3.56924773045271370000e-001
8.89393939393939380000e+002 6.25014598310026150000e-001 3.56750408601363590000e-001
8.94444444444444340000e+002 6.25304131142563890000e-001 3.56514487418810370000e-001
8.99494949494949420000e+002 6.25650523029360530000e-001 3.56219110487741350000e-001
9.04545454545454500000e+002 6.26051864033603800000e-001 3.55866312432521430000e-001
9.09595959595959580000e+002 6.26506302804459290000e-001 3.55458063838979380000e-001
9.14646464646464660000e+002 6.27012044577032970000e-001 3.54996273517584950000e-001
9.19696969696969750000e+002 6.27567349224971590000e-001 3.54482790700222040000e-001
9.24747474747474710000e+002 6.28170529367963360000e-001 3.53919407168994340000e-001
9.29797979797979790000e+002 6.28819948535705770000e-001 3.53307859316166040000e-001
9.34848484848484760000e+002 6.29514019389313950000e-001 3.52649830134900640000e-001
9.39898989898989840000e+002 6.30251202000671420000e-001 3.51946951140933220000e-001
9.44949494949494920000e+002 6.30226268436642980000e-001 3.52028551012192880000e-001
9.50000000000000000000e+002 6.30227772789766940000e-001 3.52082282300809010000e-001