3.70000000000000000000e+002 2.61700181049993130000e+000 9.84162291522656550000e-001
3.76060606060606060000e+002 2.61478382638311930000e+000 9.73384893283843810000e-001
3.82121212121212120000e+002 2.61256584226630740000e+000 9.62607495045031070000e-001
3.88181818181818190000e+002 2.61034785814949540000e+000 9.51830096806218330000e-001
3.94242424242424250000e+002 2.60812987403268350000e+000 9.41052698567405590000e-001
4.00303030303030310000e+002 2.60591188991587150000e+000 9.30275300328592850000e-001
4.06363636363636370000e+002 2.60369390579905960000e+000 9.19497902089780110000e-001
4.12424242424242440000e+002 2.60147592168224760000e+000 9.08720503850967360000e-001
4.18484848484848500000e+002 2.59925793756543570000e+000 8.97943105612154620000e-001
4.24545454545454560000e+002 2.59703995344862370000e+000 8.87165707373341880000e-001
4.30606060606060620000e+002 2.59482196933181180000e+000 8.76388309134529140000e-001
4.36666666666666690000e+002 2.59260398521499980000e+000 8.65610910895716400000e-001
4.42727272727272750000e+002 2.59038600109818780000e+000 8.54833512656903660000e-001
4.48787878787878750000e+002 2.58816801698137590000e+000 8.44056114418090920000e-001
4.54848484848484870000e+002 2.58595003286456390000e+000 8.33278716179278180000e-001
4.60909090909090880000e+002 2.58373204874775200000e+000 8.22501317940465440000e-001
4.66969696969697000000e+002 2.58151406463094000000e+000 8.11723919701652700000e-001
4.73030303030303000000e+002 2.57929608051412810000e+000 8.00946521462839960000e-001
4.79090909090909120000e+002 2.57707809639731610000e+000 7.90169123224027210000e-001
4.85151515151515130000e+002 2.57486011228050420000e+000 7.79391724985214470000e-001
4.91212121212121250000e+002 2.57264212816369220000e+000 7.68614326746401730000e-001
4.97272727272727250000e+002 2.57042414404688020000e+000 7.57836928507569670000e-001
5.03333333333333370000e+002 2.56820615993006830000e+000 7.21180327670539080000e-001
5.09393939393939380000e+002 2.56598817581325630000e+000 6.84523726833508480000e-001
5.15454545454545500000e+002 2.56377019169644440000e+000 6.47867125996477890000e-001
5.21515151515151500000e+002 2.56155220757963240000e+000 6.11210525159447290000e-001
5.27575757575757510000e+002 2.55933422346282050000e+000 5.74553924322416700000e-001
5.33636363636363630000e+002 2.55711623934600850000e+000 5.37897323485386100000e-001
5.39696969696969750000e+002 2.55489825522919660000e+000 5.01240722648355510000e-001
5.45757575757575750000e+002 2.55268027111238460000e+000 4.64584121811324910000e-001
5.51818181818181760000e+002 2.55046228699557260000e+000 4.38735883732512600000e-001
5.57878787878787880000e+002 2.54824430287876070000e+000 4.12887645653700290000e-001
5.63939393939393990000e+002 2.54602631876194870000e+000 3.87039407574887970000e-001
5.70000000000000000000e+002 2.54380833464513680000e+000 3.67750107097050360000e-001
5.76060606060606010000e+002 2.54159035052832480000e+000 3.48460806619212750000e-001
5.82121212121212120000e+002 2.53937236641151290000e+000 3.29171506141375140000e-001
5.88181818181818240000e+002 2.53715438229470090000e+000 3.12670401744129300000e-001
5.94242424242424250000e+002 2.53493639817788900000e+000 2.96169297346883460000e-001
6.00303030303030250000e+002 2.53271841406107700000e+000 2.88640267781062280000e-001
6.06363636363636370000e+002 2.53050042994426510000e+000 2.81111238215241090000e-001
6.12424242424242490000e+002 2.52828244582745310000e+000 2.73582208649419900000e-001
6.18484848484848500000e+002 2.52606446171064110000e+000 2.66418768452898690000e-001
6.24545454545454500000e+002 2.52384647759382920000e+000 2.59255328256377480000e-001
6.30606060606060620000e+002 2.52162849347701720000e+000 2.52091888059856270000e-001
6.36666666666666740000e+002 2.51941050936020530000e+000 2.44928447863335060000e-001
6.42727272727272750000e+002 2.51719252524339330000e+000 2.37765007666813830000e-001
6.48787878787878750000e+002 2.51497454112658140000e+000 2.30601567470292590000e-001
6.54848484848484870000e+002 2.51275655700976940000e+000 2.23438127273771350000e-001
6.60909090909090880000e+002 2.51053857289295750000e+000 2.16274687077250120000e-001
6.66969696969697000000e+002 2.50832058877614550000e+000 2.09111246880728880000e-001
6.73030303030303000000e+002 2.50610260465933350000e+000 2.01947806684207640000e-001
6.79090909090909010000e+002 2.50388462054252160000e+000 1.94784366487686410000e-001
6.85151515151515130000e+002 2.50166663642570960000e+000 1.87620926291165170000e-001
6.91212121212121250000e+002 2.49944865230889770000e+000 1.80457486094643930000e-001
6.97272727272727250000e+002 2.49723066819208570000e+000 1.73294045898122690000e-001
7.03333333333333260000e+002 2.49501268407527380000e+000 1.66130605701601460000e-001
7.09393939393939380000e+002 2.49279469995846180000e+000 1.58967165505080220000e-001
7.15454545454545500000e+002 2.49057671584164990000e+000 1.51803725308558980000e-001
7.21515151515151500000e+002 2.48835873172483790000e+000 1.44640285112037750000e-001
7.27575757575757510000e+002 2.48614074760802590000e+000 1.37476844915516510000e-001
7.33636363636363630000e+002 2.48392276349121400000e+000 1.30313404718995270000e-001
7.39696969696969750000e+002 2.48170477937440200000e+000 1.23149964522474040000e-001
7.45757575757575750000e+002 2.47948679525759010000e+000 1.15986524325952800000e-001
7.51818181818181760000e+002 2.47726881114077810000e+000 1.08823084129431560000e-001
7.57878787878787880000e+002 2.47505082702396620000e+000 1.01659643932910330000e-001
7.63939393939393990000e+002 2.47283284290715420000e+000 9.44962037363890890000e-002
7.70000000000000000000e+002 2.47061485879034230000e+000 8.73327635398678530000e-002
7.76060606060606010000e+002 2.46839687467353030000e+000 8.01693233433466160000e-002
7.82121212121212120000e+002 2.46617889055671840000e+000 7.30058831468253790000e-002
7.88181818181818240000e+002 2.46396090643990640000e+000 6.58424429503041420000e-002
7.94242424242424250000e+002 2.46174292232309440000e+000 5.86790027537829120000e-002
8.00303030303030250000e+002 2.45952493820628250000e+000 5.15155625572616820000e-002
8.06363636363636370000e+002 2.45730695408947050000e+000 4.43521223607404520000e-002
8.12424242424242490000e+002 2.45508896997265860000e+000 3.71886821642192220000e-002
8.18484848484848500000e+002 2.45287098585584660000e+000 3.00252419676979920000e-002
8.24545454545454500000e+002 2.45065300173903470000e+000 2.78085606880458000000e-002
8.30606060606060620000e+002 2.44843501762222270000e+000 2.55918794083936090000e-002
8.36666666666666740000e+002 2.44621703350541080000e+000 2.33751981287414170000e-002
8.42727272727272750000e+002 2.44399904938859880000e+000 2.11585168490892250000e-002
8.48787878787878750000e+002 2.44178106527178680000e+000 1.89418355694370330000e-002
8.54848484848484870000e+002 2.43956308115497490000e+000 1.88278458421966240000e-002
8.60909090909090880000e+002 2.43734509703816290000e+000 1.87138561149562160000e-002
8.66969696969697000000e+002 2.43512711292135100000e+000 1.85998663877158070000e-002
8.73030303030303000000e+002 2.43290912880453900000e+000 1.84858766604753980000e-002
8.79090909090909010000e+002 2.43069114468772710000e+000 1.83718869332349900000e-002
8.85151515151515130000e+002 2.42847316057091510000e+000 1.82578972059945810000e-002
8.91212121212121250000e+002 2.42625517645410320000e+000 1.81439074787541730000e-002
8.97272727272727250000e+002 2.42403719233729120000e+000 1.80299177515137640000e-002
9.03333333333333370000e+002 2.42181920822047920000e+000 1.79159280242733550000e-002
9.09393939393939380000e+002 2.41960122410366730000e+000 1.78019382970329470000e-002
9.15454545454545500000e+002 2.41738323998685530000e+000 1.76879485697925380000e-002
9.21515151515151500000e+002 2.41516525587004340000e+000 1.75739588425521290000e-002
9.27575757575757620000e+002 2.41294727175323140000e+000 1.74599691153117210000e-002
9.33636363636363630000e+002 2.41072928763641950000e+000 1.73459793880713120000e-002
9.39696969696969750000e+002 2.40851130351960750000e+000 1.72319896608309040000e-002
9.45757575757575750000e+002 2.40629331940279560000e+000 1.71179999335904950000e-002
9.51818181818181760000e+002 2.40407533528598360000e+000 1.70040102063500860000e-002
9.57878787878787880000e+002 2.40185735116917170000e+000 1.68900204791096780000e-002
9.63939393939393880000e+002 2.40185735116917120000e+000 1.67760307518692690000e-002
9.70000000000000000000e+002 2.40185735116917080000e+000 1.66620410246288600000e-002