3.70000000000000000000e+002 2.60707359720381070000e-002 2.63468861013497920000e-001
3.76060606060606060000e+002 2.84741790647244570000e-002 2.61931005367857410000e-001
3.82121212121212120000e+002 3.10188830067368170000e-002 2.60134593617485640000e-001
3.88181818181818190000e+002 3.37096370203863040000e-002 2.58075607634031980000e-001
3.94242424242424250000e+002 3.65514353524731200000e-002 2.55755895058232980000e-001
4.00303030303030310000e+002 3.95494339401436180000e-002 2.53182650678779150000e-001
4.06363636363636370000e+002 4.27088972022340650000e-002 2.50367840763711940000e-001
4.12424242424242440000e+002 4.60351364062544090000e-002 2.47327605387244190000e-001
4.18484848484848500000e+002 4.95334409830295380000e-002 2.44081664790447790000e-001
4.24545454545454560000e+002 5.32090040730967200000e-002 2.40652747737177150000e-001
4.30606060606060620000e+002 5.70668435142450410000e-002 2.37066053024255680000e-001
4.36666666666666690000e+002 6.11117194321396590000e-002 2.33348749892651720000e-001
4.42727272727272750000e+002 6.53480495821909530000e-002 2.29529519022690030000e-001
4.48787878787878750000e+002 6.97798236108862910000e-002 2.25638132946217320000e-001
4.54848484848484870000e+002 7.44105174542047940000e-002 2.21705072891259260000e-001
4.60909090909090880000e+002 7.92430091616119080000e-002 2.17761178096478160000e-001
4.66969696969697000000e+002 8.42794975163827230000e-002 2.13837323307909110000e-001
4.73030303030303000000e+002 8.95214249052222470000e-002 2.09964120332108590000e-001
4.79090909090909120000e+002 9.49694059604029170000e-002 2.06171640024381460000e-001
4.85151515151515130000e+002 1.00623163544154540000e-001 2.02489151818114140000e-001
4.91212121212121250000e+002 1.06481473656836680000e-001 1.98944878752948310000e-001
4.97272727272727250000e+002 1.12542120817911830000e-001 1.95565766855642200000e-001
5.03333333333333370000e+002 1.26875269101417030000e-001 1.88570239209609300000e-001
5.09393939393939380000e+002 1.42708167417687800000e-001 1.81719988684364010000e-001
5.15454545454545500000e+002 1.60155122035544520000e-001 1.75084691066415530000e-001
5.21515151515151500000e+002 1.79330374426092540000e-001 1.68743350366856310000e-001
5.27575757575757510000e+002 2.00345395740543470000e-001 1.62784947229500790000e-001
5.33636363636363630000e+002 2.23305512765711120000e-001 1.57308980768502280000e-001
5.39696969696969750000e+002 2.48305829056733480000e-001 1.52425819423286760000e-001
5.45757575757575750000e+002 2.75426444352560200000e-001 1.48256759463684410000e-001
5.51818181818181760000e+002 2.96915630845459520000e-001 1.46304971584574700000e-001
5.57878787878787880000e+002 3.19391427619299120000e-001 1.45108264342794780000e-001
5.63939393939393990000e+002 3.42808074737895100000e-001 1.44729658416652030000e-001
5.70000000000000000000e+002 3.61569033771739320000e-001 1.45832215879276390000e-001
5.76060606060606010000e+002 3.80632610055814000000e-001 1.47663119477292020000e-001
5.82121212121212120000e+002 3.99936927731609220000e-001 1.50230921356615310000e-001
5.88181818181818240000e+002 4.16837740697468540000e-001 1.53665435030944210000e-001
5.94242424242424250000e+002 4.33716226573573280000e-001 1.57733245802544390000e-001
6.00303030303030250000e+002 4.41967089757021200000e-001 1.62529460218482890000e-001
6.06363636363636370000e+002 4.49948915023935360000e-001 1.67614832544795370000e-001
6.12424242424242490000e+002 4.57662769293555200000e-001 1.72952487619956550000e-001
6.18484848484848500000e+002 4.64767929170955660000e-001 1.78496241305784730000e-001
6.24545454545454500000e+002 4.71616161529994860000e-001 1.84211125563711160000e-001
6.30606060606060620000e+002 4.78215354797607790000e-001 1.90063943028901810000e-001
6.36666666666666740000e+002 4.84574771558200500000e-001 1.96023293614735170000e-001
6.42727272727272750000e+002 4.90704821268844460000e-001 2.02059750282449210000e-001
6.48787878787878750000e+002 4.96616842573151250000e-001 2.08145979932901850000e-001
6.54848484848484870000e+002 5.02322898518944180000e-001 2.14256814924542540000e-001
6.60909090909090880000e+002 5.07835587093793950000e-001 2.20369281185070740000e-001
6.66969696969697000000e+002 5.13167868678854220000e-001 2.26462589052963600000e-001
6.73030303030303000000e+002 5.18332911304259960000e-001 2.32518092912167350000e-001
6.79090909090909010000e+002 5.23343953978452010000e-001 2.38519225422265250000e-001
6.85151515151515130000e+002 5.28214187861639870000e-001 2.44451411748026760000e-001
6.91212121212121250000e+002 5.32956654656809530000e-001 2.50301968701966030000e-001
6.97272727272727250000e+002 5.37584161292763210000e-001 2.56059993170527800000e-001
7.03333333333333260000e+002 5.42109209762363880000e-001 2.61716243630958410000e-001
7.09393939393939380000e+002 5.46543940843834290000e-001 2.67263018007099900000e-001
7.15454545454545500000e+002 5.50900090361443270000e-001 2.72694030577216860000e-001
7.21515151515151500000e+002 5.55188956622289060000e-001 2.78004290148661240000e-001
7.27575757575757510000e+002 5.59421377687136510000e-001 2.83189981261206650000e-001
7.33636363636363630000e+002 5.63607717185250380000e-001 2.88248349777599610000e-001
7.39696969696969750000e+002 5.67757857457279690000e-001 2.93177593867746500000e-001
7.45757575757575750000e+002 5.71881198899051980000e-001 2.97976761091022340000e-001
7.51818181818181760000e+002 5.75986664476532240000e-001 3.02645652026884150000e-001
7.57878787878787880000e+002 5.80082708483380170000e-001 3.07184730693684680000e-001
7.63939393939393990000e+002 5.84177328713652360000e-001 3.11595041825024450000e-001
7.70000000000000000000e+002 5.88278081320485090000e-001 3.15878134937622400000e-001
7.76060606060606010000e+002 5.92392097725001120000e-001 3.20035995019916420000e-001
7.82121212121212120000e+002 5.96526103026867370000e-001 3.24070979592115620000e-001
7.88181818181818240000e+002 6.00686435448086420000e-001 3.27985761831973370000e-001
7.94242424242424250000e+002 6.04879066414323540000e-001 3.31783279422512790000e-001
8.00303030303030250000e+002 6.09109620943286580000e-001 3.35466688754842870000e-001
8.06363636363636370000e+002 6.13383398067579360000e-001 3.39039324108214970000e-001
8.12424242424242490000e+002 6.17705391070307420000e-001 3.42504661427937060000e-001
8.18484848484848500000e+002 6.22080307356069670000e-001 3.45866286327606080000e-001
8.24545454545454500000e+002 6.22803403719122350000e-001 3.47666475527479760000e-001
8.30606060606060620000e+002 6.23613603414593040000e-001 3.49345491165143460000e-001
8.36666666666666740000e+002 6.24509389993451400000e-001 3.50907572575850260000e-001
8.42727272727272750000e+002 6.25489216734403050000e-001 3.52356835399598670000e-001
8.48787878787878750000e+002 6.26551515643522960000e-001 3.53697270478027180000e-001
8.54848484848484870000e+002 6.26157210142047060000e-001 3.54314994128632930000e-001
8.60909090909090880000e+002 6.25854537941802120000e-001 3.54834620928063060000e-001
8.66969696969697000000e+002 6.25640049334517110000e-001 3.55259968238355090000e-001
8.73030303030303000000e+002 6.25510416357168420000e-001 3.55594710743611600000e-001
8.79090909090909010000e+002 6.25462429095001380000e-001 3.55842385381823390000e-001
8.85151515151515130000e+002 6.25492991916565710000e-001 3.56006396270779350000e-001
8.91212121212121250000e+002 6.25599119679193900000e-001 3.56090019593484570000e-001
8.97272727272727250000e+002 6.25777933936532030000e-001 3.56096408415242090000e-001
9.03333333333333370000e+002 6.26026659173922530000e-001 3.56028597410313230000e-001
9.09393939393939380000e+002 6.26342619092511430000e-001 3.55889507480867510000e-001
9.15454545454545500000e+002 6.26723232958769080000e-001 3.55681950254991160000e-001
9.21515151515151500000e+002 6.27166012032592260000e-001 3.55408632453925070000e-001
9.27575757575757620000e+002 6.27668556084157500000e-001 3.55072160121510660000e-001
9.33636363636363630000e+002 6.28228550007203230000e-001 3.54675042711203430000e-001
9.39696969696969750000e+002 6.28843760534309020000e-001 3.54219697027942430000e-001
9.45757575757575750000e+002 6.29512033057978320000e-001 3.53708451023779740000e-001
9.51818181818181760000e+002 6.30231288559874090000e-001 3.53143547447472560000e-001
9.57878787878787880000e+002 6.30999520649341390000e-001 3.52527147349319000000e-001
9.63939393939393880000e+002 6.31157763861341810000e-001 3.52536220567521710000e-001
9.70000000000000000000e+002 6.31349635896105710000e-001 3.52509251844940360000e-001