3.530e+02 1.188e-302 1.000e+00 
3.540e+02 3.290e-294 1.000e-00 
3.550e+02 4.998e-286 1.000e-00 
3.560e+02 4.253e-278 1.000e+00 
3.570e+02 2.067e-270 1.000e+00 
3.580e+02 5.846e-263 1.000e+00 
3.590e+02 9.801e-256 1.000e+00 
3.600e+02 9.909e-249 1.000e+00 
3.610e+02 6.145e-242 1.000e+00 
3.620e+02 2.376e-235 1.000e-00 
3.630e+02 5.818e-229 1.000e+00 
3.640e+02 9.160e-223 1.000e+00 
3.650e+02 9.408e-217 1.000e+00 
3.660e+02 6.393e-211 1.000e-00 
3.670e+02 2.913e-205 1.000e+00 
3.680e+02 9.020e-200 1.000e-00 
3.690e+02 1.921e-194 1.000e-00 
3.700e+02 2.850e-189 1.000e+00 
3.710e+02 2.547e-184 9.893e-01 
3.720e+02 2.046e-179 9.919e-01 
3.730e+02 1.124e-174 9.930e-01 
3.740e+02 4.442e-170 9.936e-01 
3.750e+02 1.285e-165 9.940e-01 
3.760e+02 2.754e-161 9.942e-01 
3.770e+02 4.421e-157 9.943e-01 
3.780e+02 5.365e-153 9.944e-01 
3.790e+02 4.968e-149 9.945e-01 
3.800e+02 3.540e-145 9.945e-01 
3.810e+02 1.957e-141 9.945e-01 
3.820e+02 8.465e-138 9.944e-01 
3.830e+02 2.886e-134 9.944e-01 
3.840e+02 7.816e-131 9.943e-01 
3.850e+02 1.693e-127 9.942e-01 
3.860e+02 2.954e-124 9.941e-01 
3.870e+02 4.180e-121 9.940e-01 
3.880e+02 4.827e-118 9.939e-01 
3.890e+02 4.577e-115 9.938e-01 
3.900e+02 3.587e-112 9.936e-01 
3.910e+02 2.336e-109 9.934e-01 
3.920e+02 1.271e-106 9.933e-01 
3.930e+02 5.814e-104 9.931e-01 
3.940e+02 2.247e-101 9.929e-01 
3.950e+02 7.370e-99 9.927e-01 
3.960e+02 2.063e-96 9.925e-01 
3.970e+02 4.952e-94 9.923e-01 
3.980e+02 1.024e-91 9.921e-01 
3.990e+02 1.831e-89 9.918e-01 
4.000e+02 2.846e-87 9.916e-01 
4.010e+02 3.860e-85 9.913e-01 
4.020e+02 4.586e-83 9.910e-01 
4.030e+02 4.792e-81 9.907e-01 
4.040e+02 4.421e-79 9.904e-01 
4.050e+02 3.614e-77 9.901e-01 
4.060e+02 2.627e-75 9.898e-01 
4.070e+02 1.704e-73 9.895e-01 
4.080e+02 9.897e-72 9.891e-01 
4.090e+02 5.162e-70 9.887e-01 
4.100e+02 2.426e-68 9.884e-01 
4.110e+02 1.030e-66 9.880e-01 
4.120e+02 3.965e-65 9.875e-01 
4.130e+02 1.387e-63 9.871e-01 
4.140e+02 4.422e-62 9.867e-01 
4.150e+02 1.288e-60 9.862e-01 
4.160e+02 3.439e-59 9.857e-01 
4.170e+02 8.431e-58 9.852e-01 
4.180e+02 1.903e-56 9.847e-01 
4.190e+02 3.964e-55 9.842e-01 
4.200e+02 7.636e-54 9.836e-01 
4.210e+02 1.364e-52 9.830e-01 
4.220e+02 2.262e-51 9.824e-01 
4.230e+02 3.494e-50 9.818e-01 
4.240e+02 5.032e-49 9.811e-01 
4.250e+02 6.774e-48 9.805e-01 
4.260e+02 8.538e-47 9.798e-01 
4.270e+02 1.009e-45 9.791e-01 
4.280e+02 1.121e-44 9.783e-01 
4.290e+02 1.173e-43 9.775e-01 
4.300e+02 1.156e-42 9.767e-01 
4.310e+02 1.077e-41 9.759e-01 
4.320e+02 9.482e-41 9.750e-01 
4.330e+02 7.911e-40 9.741e-01 
4.340e+02 6.262e-39 9.732e-01 
4.350e+02 4.709e-38 9.723e-01 
4.360e+02 3.369e-37 9.713e-01 
4.370e+02 2.296e-36 9.703e-01 
4.380e+02 1.493e-35 9.692e-01 
4.390e+02 9.272e-35 9.681e-01 
4.400e+02 5.506e-34 9.670e-01 
4.410e+02 3.131e-33 9.658e-01 
4.420e+02 1.706e-32 9.646e-01 
4.430e+02 8.925e-32 9.633e-01 
4.440e+02 4.484e-31 9.620e-01 
4.450e+02 2.167e-30 9.607e-01 
4.460e+02 1.008e-29 9.593e-01 
4.470e+02 4.519e-29 9.579e-01 
4.480e+02 1.954e-28 9.564e-01 
4.490e+02 8.159e-28 9.549e-01 
4.500e+02 3.292e-27 9.533e-01 
4.510e+02 1.285e-26 9.517e-01 
4.520e+02 4.854e-26 9.501e-01 
4.530e+02 1.777e-25 9.483e-01 
4.540e+02 6.308e-25 9.466e-01 
4.550e+02 2.173e-24 9.447e-01 
4.560e+02 7.272e-24 9.428e-01 
4.570e+02 2.365e-23 9.409e-01 
4.580e+02 7.480e-23 9.389e-01 
4.590e+02 2.303e-22 9.368e-01 
4.600e+02 6.906e-22 9.347e-01 
4.610e+02 2.018e-21 9.325e-01 
4.620e+02 5.754e-21 9.303e-01 
4.630e+02 1.601e-20 9.280e-01 
4.640e+02 4.348e-20 9.256e-01 
4.650e+02 1.154e-19 9.231e-01 
4.660e+02 2.995e-19 9.206e-01 
4.670e+02 7.602e-19 9.180e-01 
4.680e+02 1.889e-18 9.154e-01 
4.690e+02 4.595e-18 9.127e-01 
4.700e+02 1.095e-17 9.099e-01 
4.710e+02 2.559e-17 9.070e-01 
4.720e+02 5.865e-17 9.041e-01 
4.730e+02 1.319e-16 9.010e-01 
4.740e+02 2.911e-16 8.980e-01 
4.750e+02 6.311e-16 8.948e-01 
4.760e+02 1.344e-15 8.915e-01 
4.770e+02 2.814e-15 8.882e-01 
4.780e+02 5.794e-15 8.848e-01 
4.790e+02 1.174e-14 8.814e-01 
4.800e+02 2.339e-14 8.778e-01 
4.810e+02 4.591e-14 8.742e-01 
4.820e+02 8.873e-14 8.705e-01 
4.830e+02 1.690e-13 8.667e-01 
4.840e+02 3.171e-13 8.628e-01 
4.850e+02 5.869e-13 8.589e-01 
4.860e+02 1.071e-12 8.549e-01 
4.870e+02 1.928e-12 8.508e-01 
4.880e+02 3.427e-12 8.467e-01 
4.890e+02 6.012e-12 8.424e-01 
4.900e+02 1.041e-11 8.381e-01 
4.910e+02 1.782e-11 8.337e-01 
4.920e+02 3.013e-11 8.293e-01 
4.930e+02 5.034e-11 8.247e-01 
4.940e+02 8.317e-11 8.202e-01 
4.950e+02 1.359e-10 8.155e-01 
4.960e+02 2.195e-10 8.108e-01 
4.970e+02 3.510e-10 8.060e-01 
4.980e+02 5.553e-10 8.011e-01 
4.990e+02 8.696e-10 7.962e-01 
5.000e+02 1.348e-09 7.913e-01 
5.010e+02 2.070e-09 7.862e-01 
5.020e+02 3.149e-09 7.812e-01 
5.030e+02 4.745e-09 7.760e-01 
5.040e+02 7.086e-09 7.709e-01 
5.050e+02 1.049e-08 7.656e-01 
5.060e+02 1.539e-08 7.604e-01 
5.070e+02 2.239e-08 7.551e-01 
5.080e+02 3.231e-08 7.498e-01 
5.090e+02 4.624e-08 7.444e-01 
5.100e+02 6.565e-08 7.390e-01 
5.110e+02 9.251e-08 7.336e-01 
5.120e+02 1.294e-07 7.281e-01 
5.130e+02 1.796e-07 7.227e-01 
5.140e+02 2.474e-07 7.172e-01 
5.150e+02 3.386e-07 7.117e-01 
5.160e+02 4.601e-07 7.062e-01 
5.170e+02 6.211e-07 7.007e-01 
5.180e+02 8.328e-07 6.952e-01 
5.190e+02 1.110e-06 6.896e-01 
5.200e+02 1.469e-06 6.841e-01 
5.210e+02 1.933e-06 6.786e-01 
5.220e+02 2.528e-06 6.732e-01 
5.230e+02 3.287e-06 6.677e-01 
5.240e+02 4.248e-06 6.622e-01 
5.250e+02 5.461e-06 6.568e-01 
5.260e+02 6.981e-06 6.514e-01 
5.270e+02 8.877e-06 6.460e-01 
5.280e+02 1.123e-05 6.407e-01 
5.290e+02 1.413e-05 6.353e-01 
5.300e+02 1.769e-05 6.301e-01 
5.310e+02 2.204e-05 6.248e-01 
5.320e+02 2.733e-05 6.196e-01 
5.330e+02 3.373e-05 6.145e-01 
5.340e+02 4.143e-05 6.094e-01 
5.350e+02 5.067e-05 6.043e-01 
5.360e+02 6.170e-05 5.994e-01 
5.370e+02 7.481e-05 5.944e-01 
5.380e+02 9.032e-05 5.895e-01 
5.390e+02 1.086e-04 5.847e-01 
5.400e+02 1.301e-04 5.800e-01 
5.410e+02 1.552e-04 5.753e-01 
5.420e+02 1.844e-04 5.707e-01 
5.430e+02 2.183e-04 5.661e-01 
5.440e+02 2.575e-04 5.616e-01 
5.450e+02 3.027e-04 5.572e-01 
5.460e+02 3.545e-04 5.529e-01 
5.470e+02 4.138e-04 5.487e-01 
5.480e+02 4.814e-04 5.445e-01 
5.490e+02 5.583e-04 5.404e-01 
5.500e+02 6.453e-04 5.364e-01 
5.510e+02 7.435e-04 5.325e-01 
5.520e+02 8.541e-04 5.286e-01 
5.530e+02 9.782e-04 5.249e-01 
5.540e+02 1.117e-03 5.212e-01 
5.550e+02 1.272e-03 5.177e-01 
5.560e+02 1.444e-03 5.142e-01 
5.570e+02 1.635e-03 5.108e-01 
5.580e+02 1.847e-03 5.075e-01 
5.590e+02 2.080e-03 5.043e-01 
5.600e+02 2.337e-03 5.012e-01 
5.610e+02 2.618e-03 4.981e-01 
5.620e+02 2.927e-03 4.952e-01 
5.630e+02 3.264e-03 4.924e-01 
5.640e+02 3.631e-03 4.897e-01 
5.650e+02 4.030e-03 4.870e-01 
5.660e+02 4.462e-03 4.845e-01 
5.670e+02 4.930e-03 4.820e-01 
5.680e+02 5.435e-03 4.797e-01 
5.690e+02 5.979e-03 4.774e-01 
5.700e+02 6.564e-03 4.753e-01 
5.710e+02 7.191e-03 4.732e-01 
5.720e+02 7.862e-03 4.712e-01 
5.730e+02 8.579e-03 4.694e-01 
5.740e+02 9.343e-03 4.676e-01 
5.750e+02 1.016e-02 4.659e-01 
5.760e+02 1.102e-02 4.642e-01 
5.770e+02 1.193e-02 4.627e-01 
5.780e+02 1.290e-02 4.613e-01 
5.790e+02 1.392e-02 4.599e-01 
5.800e+02 1.500e-02 4.586e-01 
5.810e+02 1.614e-02 4.574e-01 
5.820e+02 1.733e-02 4.563e-01 
5.830e+02 1.858e-02 4.552e-01 
5.840e+02 1.989e-02 4.542e-01 
5.850e+02 2.126e-02 4.533e-01 
5.860e+02 2.269e-02 4.525e-01 
5.870e+02 2.419e-02 4.517e-01 
5.880e+02 2.574e-02 4.509e-01 
5.890e+02 2.736e-02 4.502e-01 
5.900e+02 2.904e-02 4.496e-01 
5.910e+02 3.078e-02 4.490e-01 
5.920e+02 3.259e-02 4.485e-01 
5.930e+02 3.445e-02 4.480e-01 
5.940e+02 3.639e-02 4.475e-01 
5.950e+02 3.838e-02 4.471e-01 
5.960e+02 4.044e-02 4.467e-01 
5.970e+02 4.256e-02 4.463e-01 
5.980e+02 4.474e-02 4.460e-01 
5.990e+02 4.699e-02 4.457e-01 
6.000e+02 4.930e-02 4.454e-01 
6.010e+02 5.167e-02 4.451e-01 
6.020e+02 5.410e-02 4.448e-01 
6.030e+02 5.659e-02 4.445e-01 
6.040e+02 5.915e-02 4.443e-01 
6.050e+02 6.176e-02 4.440e-01 
6.060e+02 6.444e-02 4.438e-01 
6.070e+02 6.718e-02 4.435e-01 
6.080e+02 6.997e-02 4.432e-01 
6.090e+02 7.283e-02 4.430e-01 
6.100e+02 7.574e-02 4.427e-01 
6.110e+02 7.872e-02 4.424e-01 
6.120e+02 8.175e-02 4.421e-01 
6.130e+02 8.484e-02 4.418e-01 
6.140e+02 8.800e-02 4.415e-01 
6.150e+02 9.121e-02 4.411e-01 
6.160e+02 9.447e-02 4.407e-01 
6.170e+02 9.780e-02 4.403e-01 
6.180e+02 1.012e-01 4.399e-01 
6.190e+02 1.046e-01 4.394e-01 
6.200e+02 1.081e-01 4.389e-01 
6.210e+02 1.117e-01 4.384e-01 
6.220e+02 1.153e-01 4.379e-01 
6.230e+02 1.190e-01 4.373e-01 
6.240e+02 1.227e-01 4.367e-01 
6.250e+02 1.265e-01 4.360e-01 
6.260e+02 1.304e-01 4.353e-01 
6.270e+02 1.343e-01 4.346e-01 
6.280e+02 1.383e-01 4.338e-01 
6.290e+02 1.423e-01 4.330e-01 
6.300e+02 1.464e-01 4.321e-01 
6.310e+02 1.506e-01 4.312e-01 
6.320e+02 1.548e-01 4.303e-01 
6.330e+02 1.591e-01 4.293e-01 
6.340e+02 1.634e-01 4.282e-01 
6.350e+02 1.678e-01 4.271e-01 
6.360e+02 1.723e-01 4.260e-01 
6.370e+02 1.768e-01 4.248e-01 
6.380e+02 1.814e-01 4.236e-01 
6.390e+02 1.861e-01 4.223e-01 
6.400e+02 1.909e-01 4.209e-01 
6.410e+02 1.957e-01 4.195e-01 
6.420e+02 2.005e-01 4.181e-01 
6.430e+02 2.055e-01 4.166e-01 
6.440e+02 2.105e-01 4.150e-01 
6.450e+02 2.156e-01 4.134e-01 
6.460e+02 2.207e-01 4.118e-01 
6.470e+02 2.259e-01 4.100e-01 
6.480e+02 2.312e-01 4.083e-01 
6.490e+02 2.366e-01 4.064e-01 
6.500e+02 2.420e-01 4.045e-01 
6.510e+02 2.475e-01 4.026e-01 
6.520e+02 2.531e-01 4.006e-01 
6.530e+02 2.588e-01 3.985e-01 
6.540e+02 2.645e-01 3.964e-01 
6.550e+02 2.703e-01 3.942e-01 
6.560e+02 2.762e-01 3.920e-01 
6.570e+02 2.822e-01 3.897e-01 
6.580e+02 2.882e-01 3.873e-01 
6.590e+02 2.943e-01 3.849e-01 
6.600e+02 3.005e-01 3.825e-01 
6.610e+02 3.068e-01 3.799e-01 
6.620e+02 3.131e-01 3.773e-01 
6.630e+02 3.195e-01 3.747e-01 
6.640e+02 3.260e-01 3.720e-01 
6.650e+02 3.326e-01 3.692e-01 
6.660e+02 3.393e-01 3.664e-01 
6.670e+02 3.460e-01 3.635e-01 
6.680e+02 3.528e-01 3.606e-01 
6.690e+02 3.597e-01 3.576e-01 
6.700e+02 3.667e-01 3.545e-01 
6.710e+02 3.737e-01 3.514e-01 
6.720e+02 3.808e-01 3.482e-01 
6.730e+02 3.880e-01 3.450e-01 
6.740e+02 3.953e-01 3.417e-01 
6.750e+02 4.026e-01 3.384e-01 
6.760e+02 4.100e-01 3.350e-01 
6.770e+02 4.175e-01 3.316e-01 
6.780e+02 4.250e-01 3.281e-01 
6.790e+02 4.327e-01 3.245e-01 
6.800e+02 4.404e-01 3.210e-01 
6.810e+02 4.481e-01 3.173e-01 
6.820e+02 4.559e-01 3.136e-01 
6.830e+02 4.638e-01 3.099e-01 
6.840e+02 4.718e-01 3.061e-01 
6.850e+02 4.798e-01 3.023e-01 
6.860e+02 4.879e-01 2.985e-01 
6.870e+02 4.960e-01 2.946e-01 
6.880e+02 5.042e-01 2.907e-01 
6.890e+02 5.124e-01 2.867e-01 
6.900e+02 5.207e-01 2.827e-01 
6.910e+02 5.290e-01 2.787e-01 
6.920e+02 5.374e-01 2.746e-01 
6.930e+02 5.458e-01 2.706e-01 
6.940e+02 5.542e-01 2.665e-01 
6.950e+02 5.627e-01 2.623e-01 
6.960e+02 5.713e-01 2.582e-01 
6.970e+02 5.798e-01 2.540e-01 
6.980e+02 5.884e-01 2.499e-01 
6.990e+02 5.970e-01 2.457e-01 
7.000e+02 6.056e-01 2.415e-01 
7.010e+02 6.143e-01 2.373e-01 
7.020e+02 6.229e-01 2.331e-01 
7.030e+02 6.316e-01 2.289e-01 
7.040e+02 6.403e-01 2.247e-01 
7.050e+02 6.490e-01 2.205e-01 
7.060e+02 6.577e-01 2.163e-01 
7.070e+02 6.664e-01 2.121e-01 
7.080e+02 6.751e-01 2.079e-01 
7.090e+02 6.807e-01 2.037e-01 
7.100e+02 6.892e-01 1.996e-01 
7.110e+02 6.976e-01 1.955e-01 
7.120e+02 7.058e-01 1.914e-01 
7.130e+02 7.138e-01 1.874e-01 
7.140e+02 7.217e-01 1.834e-01 
7.150e+02 7.294e-01 1.794e-01 
7.160e+02 7.369e-01 1.755e-01 
7.170e+02 7.442e-01 1.716e-01 
7.180e+02 7.514e-01 1.678e-01 
7.190e+02 7.584e-01 1.640e-01 
7.200e+02 7.652e-01 1.603e-01 
7.210e+02 7.718e-01 1.566e-01 
7.220e+02 7.783e-01 1.531e-01 
7.230e+02 7.845e-01 1.495e-01 
7.240e+02 7.906e-01 1.461e-01 
7.250e+02 7.966e-01 1.427e-01 
7.260e+02 8.023e-01 1.395e-01 
7.270e+02 8.079e-01 1.363e-01 
7.280e+02 8.133e-01 1.331e-01 
7.290e+02 8.185e-01 1.301e-01 
7.300e+02 8.236e-01 1.272e-01 
7.310e+02 8.285e-01 1.243e-01 
7.320e+02 8.332e-01 1.215e-01 
7.330e+02 8.377e-01 1.189e-01 
7.340e+02 8.421e-01 1.163e-01 
7.350e+02 8.463e-01 1.138e-01 
7.360e+02 8.504e-01 1.115e-01 
7.370e+02 8.542e-01 1.092e-01 
7.380e+02 8.579e-01 1.070e-01 
7.390e+02 8.615e-01 1.049e-01 
7.400e+02 8.649e-01 1.030e-01 
7.410e+02 8.681e-01 1.011e-01 
7.420e+02 8.711e-01 9.936e-02 
7.430e+02 8.740e-01 9.770e-02 
7.440e+02 8.768e-01 9.615e-02 
7.450e+02 8.794e-01 9.471e-02 
7.460e+02 8.818e-01 9.336e-02 
7.470e+02 8.841e-01 9.213e-02 
7.480e+02 8.863e-01 9.100e-02 
7.490e+02 8.883e-01 8.997e-02 
7.500e+02 8.901e-01 8.904e-02 
7.510e+02 8.918e-01 8.822e-02 
7.520e+02 8.934e-01 8.750e-02 
7.530e+02 8.948e-01 8.689e-02 
7.540e+02 8.961e-01 8.637e-02 
7.550e+02 8.973e-01 8.596e-02 
7.560e+02 8.983e-01 8.564e-02 
7.570e+02 8.993e-01 8.542e-02 
7.580e+02 9.000e-01 8.530e-02 
7.590e+02 9.007e-01 8.527e-02 
7.600e+02 9.012e-01 8.534e-02 
7.610e+02 9.016e-01 8.550e-02 
7.620e+02 9.019e-01 8.576e-02 
7.630e+02 9.021e-01 8.610e-02 
7.640e+02 9.022e-01 8.654e-02 
7.650e+02 9.022e-01 8.706e-02 
7.660e+02 9.020e-01 8.766e-02 
7.670e+02 9.018e-01 8.835e-02 
7.680e+02 9.014e-01 8.913e-02 
7.690e+02 9.010e-01 8.998e-02 
7.700e+02 9.004e-01 9.092e-02 
7.710e+02 8.998e-01 9.193e-02 
7.720e+02 8.991e-01 9.301e-02 
7.730e+02 8.983e-01 9.417e-02 
7.740e+02 8.974e-01 9.541e-02 
7.750e+02 8.964e-01 9.671e-02 
7.760e+02 8.953e-01 9.808e-02 
7.770e+02 8.941e-01 9.952e-02 
7.780e+02 8.929e-01 1.010e-01 
7.790e+02 8.916e-01 1.026e-01 
7.800e+02 8.902e-01 1.042e-01 
7.810e+02 8.888e-01 1.059e-01 
7.820e+02 8.873e-01 1.077e-01 
7.830e+02 8.857e-01 1.095e-01 
7.840e+02 8.840e-01 1.113e-01 
7.850e+02 8.823e-01 1.132e-01 
7.860e+02 8.806e-01 1.152e-01 
7.870e+02 8.787e-01 1.172e-01 
7.880e+02 8.768e-01 1.192e-01 
7.890e+02 8.749e-01 1.213e-01 
7.900e+02 8.729e-01 1.235e-01 
7.910e+02 8.709e-01 1.257e-01 
7.920e+02 8.688e-01 1.279e-01 
7.930e+02 8.667e-01 1.302e-01 
7.940e+02 8.645e-01 1.325e-01 
7.950e+02 8.623e-01 1.348e-01 
7.960e+02 8.601e-01 1.372e-01 
7.970e+02 8.578e-01 1.396e-01 
7.980e+02 8.554e-01 1.420e-01 
7.990e+02 8.531e-01 1.445e-01 
8.000e+02 8.507e-01 1.470e-01 
8.010e+02 8.483e-01 1.495e-01 
8.020e+02 8.458e-01 1.521e-01 
8.030e+02 8.433e-01 1.546e-01 
8.040e+02 8.408e-01 1.572e-01 
8.050e+02 8.383e-01 1.598e-01 
8.060e+02 8.358e-01 1.625e-01 
8.070e+02 8.332e-01 1.651e-01 
8.080e+02 8.306e-01 1.678e-01 
8.090e+02 8.280e-01 1.705e-01 
8.100e+02 8.253e-01 1.732e-01 
8.110e+02 8.227e-01 1.759e-01 
8.120e+02 8.200e-01 1.786e-01 
8.130e+02 8.173e-01 1.813e-01 
8.140e+02 8.146e-01 1.841e-01 
8.150e+02 8.119e-01 1.869e-01 
8.160e+02 8.092e-01 1.896e-01 
8.170e+02 8.065e-01 1.924e-01 
8.180e+02 8.037e-01 1.952e-01 
8.190e+02 8.010e-01 1.980e-01 
8.200e+02 7.983e-01 2.008e-01 
8.210e+02 7.955e-01 2.036e-01 
8.220e+02 7.927e-01 2.064e-01 
8.230e+02 7.900e-01 2.092e-01 
8.240e+02 7.872e-01 2.120e-01 
8.250e+02 7.844e-01 2.148e-01 
8.260e+02 7.817e-01 2.176e-01 
8.270e+02 7.789e-01 2.204e-01 
8.280e+02 7.761e-01 2.232e-01 
8.290e+02 7.733e-01 2.260e-01 
8.300e+02 7.706e-01 2.288e-01 
8.310e+02 7.678e-01 2.316e-01 
8.320e+02 7.650e-01 2.344e-01 
8.330e+02 7.623e-01 2.371e-01 
8.340e+02 7.595e-01 2.399e-01 
8.350e+02 7.568e-01 2.427e-01 
8.360e+02 7.540e-01 2.455e-01 
8.370e+02 7.513e-01 2.482e-01 
8.380e+02 7.485e-01 2.510e-01 
8.390e+02 7.458e-01 2.537e-01 
8.400e+02 7.431e-01 2.565e-01 
8.410e+02 7.404e-01 2.592e-01 
8.420e+02 7.377e-01 2.619e-01 
8.430e+02 7.350e-01 2.646e-01 
8.440e+02 7.323e-01 2.673e-01 
8.450e+02 7.296e-01 2.700e-01 
8.460e+02 7.269e-01 2.727e-01 
8.470e+02 7.243e-01 2.754e-01 
8.480e+02 7.216e-01 2.781e-01 
8.490e+02 7.190e-01 2.807e-01 
8.500e+02 7.164e-01 2.833e-01 
8.510e+02 7.137e-01 2.860e-01 
8.520e+02 7.111e-01 2.886e-01 
8.530e+02 7.086e-01 2.912e-01 
8.540e+02 7.060e-01 2.938e-01 
8.550e+02 7.034e-01 2.964e-01 
8.560e+02 7.008e-01 2.989e-01 
8.570e+02 6.983e-01 3.015e-01 
8.580e+02 6.958e-01 3.040e-01 
8.590e+02 6.933e-01 3.065e-01 
8.600e+02 6.907e-01 3.091e-01 
8.610e+02 6.883e-01 3.116e-01 
8.620e+02 6.858e-01 3.140e-01 
8.630e+02 6.833e-01 3.165e-01 
8.640e+02 6.809e-01 3.190e-01 
8.650e+02 6.784e-01 3.214e-01 
8.660e+02 6.760e-01 3.238e-01 
8.670e+02 6.736e-01 3.263e-01 
8.680e+02 6.712e-01 3.287e-01 
8.690e+02 6.688e-01 3.310e-01 
8.700e+02 6.665e-01 3.334e-01 
8.710e+02 6.641e-01 3.358e-01 
8.720e+02 6.618e-01 3.381e-01 
8.730e+02 6.594e-01 3.404e-01 
8.740e+02 6.571e-01 3.427e-01 
8.750e+02 6.548e-01 3.450e-01 
8.760e+02 6.526e-01 3.473e-01 
8.770e+02 6.503e-01 3.496e-01 
8.780e+02 6.481e-01 3.518e-01 
8.790e+02 6.458e-01 3.541e-01 
8.800e+02 6.436e-01 3.563e-01 
8.810e+02 6.414e-01 3.585e-01 
8.820e+02 6.392e-01 3.607e-01 
8.830e+02 6.370e-01 3.629e-01 
8.840e+02 6.349e-01 3.650e-01 
8.850e+02 6.327e-01 3.672e-01 
8.860e+02 6.306e-01 3.693e-01 
8.870e+02 6.285e-01 3.714e-01 
8.880e+02 6.264e-01 3.735e-01 
8.890e+02 6.243e-01 3.756e-01 
8.900e+02 6.223e-01 3.777e-01 
8.910e+02 6.202e-01 3.797e-01 
8.920e+02 6.182e-01 3.818e-01 
8.930e+02 6.161e-01 3.838e-01 
8.940e+02 6.141e-01 3.858e-01 
8.950e+02 6.121e-01 3.878e-01 
8.960e+02 6.101e-01 3.898e-01 
8.970e+02 6.082e-01 3.918e-01 
8.980e+02 6.062e-01 3.937e-01 
8.990e+02 6.043e-01 3.957e-01 
9.000e+02 6.024e-01 3.976e-01 
9.010e+02 6.005e-01 3.995e-01 
9.020e+02 5.986e-01 4.014e-01 
9.030e+02 5.967e-01 4.033e-01 
9.040e+02 5.948e-01 4.051e-01 
9.050e+02 5.930e-01 4.070e-01 
9.060e+02 5.911e-01 4.088e-01 
9.070e+02 5.893e-01 4.107e-01 
9.080e+02 5.875e-01 4.125e-01 
9.090e+02 5.857e-01 4.143e-01 
9.100e+02 5.839e-01 4.161e-01 
9.110e+02 5.821e-01 4.178e-01 
9.120e+02 5.804e-01 4.196e-01 
9.130e+02 5.786e-01 4.213e-01 
9.140e+02 5.769e-01 4.231e-01 
9.150e+02 5.752e-01 4.248e-01 
9.160e+02 5.735e-01 4.265e-01 
9.170e+02 5.718e-01 4.282e-01 
9.180e+02 5.701e-01 4.298e-01 
9.190e+02 5.685e-01 4.315e-01 
9.200e+02 5.668e-01 4.332e-01 
9.210e+02 5.652e-01 4.348e-01 
9.220e+02 5.636e-01 4.364e-01 
9.230e+02 5.619e-01 4.380e-01 
9.240e+02 5.603e-01 4.396e-01 
9.250e+02 5.588e-01 4.412e-01 
9.260e+02 5.572e-01 4.428e-01 
9.270e+02 5.556e-01 4.443e-01 
9.280e+02 5.541e-01 4.459e-01 
9.290e+02 5.525e-01 4.474e-01 
9.300e+02 5.510e-01 4.490e-01 
9.310e+02 5.495e-01 4.505e-01 
9.320e+02 5.480e-01 4.520e-01 
9.330e+02 5.465e-01 4.535e-01 
9.340e+02 5.450e-01 4.549e-01 
9.350e+02 5.436e-01 4.564e-01 
9.360e+02 5.421e-01 4.579e-01 
9.370e+02 5.407e-01 4.593e-01 
9.380e+02 5.392e-01 4.607e-01 
9.390e+02 5.378e-01 4.622e-01 
9.400e+02 5.364e-01 4.636e-01 
9.410e+02 5.350e-01 4.650e-01 
9.420e+02 5.336e-01 4.663e-01 
9.430e+02 5.323e-01 4.677e-01 
9.440e+02 5.309e-01 4.691e-01 
9.450e+02 5.296e-01 4.704e-01 
9.460e+02 5.282e-01 4.718e-01 
9.470e+02 5.269e-01 4.731e-01 
9.480e+02 5.256e-01 4.744e-01 
9.490e+02 5.243e-01 4.757e-01 
9.500e+02 5.230e-01 4.770e-01 
9.510e+02 5.217e-01 4.783e-01 
9.520e+02 5.204e-01 4.796e-01 
9.530e+02 5.191e-01 4.809e-01 
9.540e+02 5.179e-01 4.821e-01 
9.550e+02 5.166e-01 4.834e-01 
9.560e+02 5.154e-01 4.846e-01 
9.570e+02 5.141e-01 4.858e-01 
9.580e+02 5.129e-01 4.871e-01 
9.590e+02 5.117e-01 4.883e-01 
9.600e+02 5.105e-01 4.895e-01 
9.610e+02 5.093e-01 4.906e-01 
9.620e+02 5.082e-01 4.918e-01 
9.630e+02 5.070e-01 4.930e-01 
9.640e+02 5.058e-01 4.942e-01 
9.650e+02 5.047e-01 4.953e-01 
9.660e+02 5.035e-01 4.964e-01 
9.670e+02 5.024e-01 4.976e-01 
9.680e+02 5.013e-01 4.987e-01 
9.690e+02 5.002e-01 4.998e-01 
9.700e+02 4.991e-01 5.009e-01 
9.710e+02 4.980e-01 5.020e-01 
9.720e+02 4.969e-01 5.031e-01 
9.730e+02 4.958e-01 5.042e-01 
9.740e+02 4.947e-01 5.053e-01 
9.750e+02 4.937e-01 5.063e-01 
9.760e+02 4.926e-01 5.074e-01 
9.770e+02 4.916e-01 5.084e-01 
9.780e+02 4.905e-01 5.094e-01 
9.790e+02 4.895e-01 5.105e-01 
9.800e+02 4.885e-01 5.115e-01 
9.810e+02 4.875e-01 5.125e-01 
9.820e+02 4.865e-01 5.135e-01 
9.830e+02 4.855e-01 5.145e-01 
9.840e+02 4.845e-01 5.155e-01 
9.850e+02 4.835e-01 5.165e-01 
9.860e+02 4.825e-01 5.174e-01 
9.870e+02 4.816e-01 5.184e-01 
9.880e+02 4.806e-01 5.194e-01 
9.890e+02 4.797e-01 5.203e-01 
9.900e+02 4.787e-01 5.212e-01 
9.910e+02 4.778e-01 5.222e-01 
9.920e+02 4.769e-01 5.231e-01 
9.930e+02 4.760e-01 5.240e-01 
9.940e+02 4.751e-01 5.249e-01 
9.950e+02 4.742e-01 5.258e-01 
9.960e+02 4.733e-01 5.267e-01 
9.970e+02 4.724e-01 5.276e-01 
9.980e+02 4.715e-01 5.285e-01 
9.990e+02 4.706e-01 5.294e-01 
1.000e+03 4.697e-01 5.302e-01 
1.011e+03 4.607e-01 5.393e-01 
1.012e+03 4.599e-01 5.401e-01 
1.013e+03 4.591e-01 5.409e-01 